data/电离层参数/2023-10-31/图3对应的数据--whug0010.00i
     1.0            IONOSPHERE MAPS     GNSS                IONEX VERSION / TYPE
IRIS V2.0           IRIS                20-Mar-16 03:31     PGM / RUN BY / DATE 
WHU'S GLOBAL IONOSPHERE MAPS FOR DAY 001, 2000              COMMENT             
Contact address: Cheng Wang, ac@ionosphere.cn               DESCRIPTION         
Web page:        http://ionosphere.cn                       DESCRIPTION         
ionosphere                                                  COMMENT             
GNSS IRIS 2.0                                               COMMENT             
  2000     1     1     0     0     0                        EPOCH OF FIRST MAP  
  2000     1     2     0     0     0                        EPOCH OF LAST MAP  
  7200                                                      INTERVAL            
    13                                                      # OF MAPS IN FILE   
  MSLM                                                      MAPPING FUNCTION    
Two-way carrier phase leveled to code                       OBSERVABLES USED    
   239                                                      # OF STATIONS       
    28                                                      # OF SATELLITES     
  6371.0                                                    BASE RADIUS         
     2                                                      MAP DIMENSION       
   450.0 450.0   0.0                                        HGT1 / HGT2 / DHGT  
    87.5 -87.5  -2.5                                        LAT1 / LAT2 / DLAT  
  -180.0 180.0   5.0                                        LON1 / LON2 / DLON  
    -1                                                      EXPONENT            
TEC/RMS values in 0.1 TECU; 9999, if no value available     COMMENT             
List of stations:                                           COMMENT             
acor ade1 ais1 alac albh algo alic amc2 ankr aoa1 aoml arp3 COMMENT             
artu atwc auck azry azu1 barb barh bay1 bbry bhr1 bill bjfs COMMENT             
blyt bogo bor1 braz brmu brst brus bshm bucu bzrg cabl cagl COMMENT             
carr cas1 casa casc cat1 ccjm ccv3 cedu cfag cha1 chb1 chil COMMENT             
chl1 chum chur chwk cic1 cit1 clar cmp9 coco coso coyq crfp COMMENT             
cro1 daej darw dgar dhlg drao dubo duck dum1 ebre eil1 eng1 COMMENT             
eprt fair flin gal1 geno gilb glpt glsv gol2 gope gras graz COMMENT             
guam hers hflk hnlc hnpt hob2 hofn holb holp hrm1 iisc irkt COMMENT             
ista jama joen jplm kabr karr kels kely ken1 kerg kir0 kiru COMMENT             
kit3 kod1 kok1 kokb kosg kouc kyw1 lama lamp lasc lhas lhaz COMMENT             
lhue lpgs mad2 mag0 mar6 mars mas1 math maui maw1 mcm4 mdo1 COMMENT             
mdvo medi mem2 mil1 mkea mlf1 mob1 nano neah newl newp nico COMMENT             
nlib noto npri nrc1 ntus nya1 nyal oat2 onsa osn1 palm parc COMMENT             
pbl1 pert petp pie1 pin1 plo3 pol2 psu1 pur3 pvep quin red1 COMMENT             
reyk reyz riga rock sag1 sav1 sch2 scip seat sele sfer shao COMMENT             
shee shk1 sio3 sni1 sol1 spk1 stjo str1 syog tabl thti thu1 COMMENT             
thu2 tixi torp toul tow2 trab trak tskb tubi uclp uclu unpg COMMENT             
upo1 urum usc1 usna usud vaas van1 vene vesl vil0 vill vims COMMENT             
vis0 vndp vtis wel1 wes2 wgtn whc1 whit widc will wis1 wlsn COMMENT             
wslr wsrt wtza wtzz wuhn yakz yell yssk zeck zimm zwen      COMMENT             
                                                            END OF HEADER       
[from data line 3003]
     8                                                      START OF TEC MAP    
  2000     1     1    14     0     0                        EPOCH OF CURRENT MAP
    87.5-180.0 180.0   5.0 450.0                            LAT/LON1/LON2/DLON/H
   63   63   63   63   63   63   63   63   63   63   63   64   64   64   65   65
   66   66   67   67   68   68   69   70   70   71   71   71   72   72   72   72
   73   73   73   73   72   72   72   72   72   71   71   71   70   70   70   69
   69   69   68   68   68   68   67   67   67   66   66   66   66   65   65   65
   65   64   64   64   64   64   63   63   63
    85.0-180.0 180.0   5.0 450.0                            LAT/LON1/LON2/DLON/H
   59   59   58   58   58   57   57   57   57   57   57   57   58   58   59   60
   61   62   64   65   66   68   69   70   71   72   73   74   75   75   75   75
   75   75   75   74   74   73   73   72   71   70   70   69   68   68   67   67
   66   66   65   65   65   65   64   64   64   64   64   63   63   63   63   62
   62   62   61   61   61   60   60   60   59
    82.5-180.0 180.0   5.0 450.0                            LAT/LON1/LON2/DLON/H
   58   58   57   56   55   54   53   52   52   51   51   51   52   53   54   55
   57   59   61   63   65   67   69   71   73   74   75   76   76   77   77   76
   76   75   74   73   72   70   69   67   66   65   64   62   61   61   60   60
   60   60   60   60   60   61   61   61   61   61   61   61   61   61   61   61
   60   60   60   60   60   60   59   59   58
    80.0-180.0 180.0   5.0 450.0                            LAT/LON1/LON2/DLON/H
   61   60   59   58   57   55   53   52   50   49   48   48   48   49   50   52
   54   57   60   62   65   68   70   72   74   76   77   77   77   77   76   75
   74   72   70   68   66   64   62   60   58   56   54   53   51   51   50   51
   51   52   53   54   56   57   58   59   60   60   61   61   60   60   60   60
   60   60   60   60   61   61   61   61   61
    77.5-180.0 180.0   5.0 450.0                            LAT/LON1/LON2/DLON/H
   66   66   65   64   62   60   57   55   53   51   49   48   48   49   50   52
   55   58   61   65   68   71   74   76   77   78   79   79   78   77   76   74
   71   69   66   63   60   56   53   50   48   45   43   42   40   40   40   41
   42   44   46   49   52   55   57   59   60   61   61   61   61   60   60   59
   59   60   60   61   63   64   65   66   66
    75.0-180.0 180.0   5.0 450.0                            LAT/LON1/LON2/DLON/H
   72   73   73   72   70   68   65   61   58   56   53   52   52   52   54   56
   59   63   66   70   73   76   79   81   83   83   83   83   81   79   77   74
   70   67   63   58   54   50   46   43   40   37   34   32   31   30   31   32
   34   37   41   45   50   54   58   61   63   64   64   63   62   60   59   59
   59   59   60   62   64   66   68   70   72
    72.5-180.0 180.0   5.0 450.0                            LAT/LON1/LON2/DLON/H
   76   78   79   79   78   76   73   69   66   63   60   59   58   59   60   63
   66   69   73   76   80   83   86   89   90   91   91   90   88   86   82   78
   74   69   64   59   53   49   44   40   36   33   30   28   26   25   25   26
   28   32   36   42   48   54   59   63   65   66   66   64   62   60   58   57
   57   58   59   61   64   67   70   73   76
    70.0-180.0 180.0   5.0 450.0                            LAT/LON1/LON2/DLON/H
   77   80   83   84   84   82   80   77   73   70   68   66   65   66   67   69
   72   75   79   83   87   91   95   98  100  102  102  102  100   97   94   89
   84   78   72   65   59   53   48   43   39   35   32   29   27   25   24   24
   25   28   33   39   46   53   59   64   66   67   66   64   61   58   56   55
   55   55   57   59   62   66   70   74   77
    67.5-180.0 180.0   5.0 450.0                            LAT/LON1/LON2/DLON/H
   75   79   83   85   86   86   84   81   78   75   73   71   70   71   72   73
   76   79   82   87   92   97  102  107  112  115  117  118  118  115  112  107
  101   94   87   79   72   65   59   53   49   45   41   38   34   31   28   26
   26   27   31   36   43   50   57   62   64   65   63   61   58   55   53   52
   52   53   55   57   60   63   66   71   75
    65.0-180.0 180.0   5.0 450.0                            LAT/LON1/LON2/DLON/H
   70   75   79   83   85   85   84   82   79   76   74   72   72   72   72   73
   75   78   82   87   93  101  109  117  124  131  136  139  140  139  136  131
  125  117  109  100   91   83   76   70   65   61   57   52   48   43   37   33
   29   28   29   33   39   46   52   57   59   60   58   56   53   51   50   50
   51   52   54   55   57   59   62   65   70
    62.5-180.0 180.0   5.0 450.0                            LAT/LON1/LON2/DLON/H
   64   69   74   78   81   82   81   79   76   73   70   69   68   67   67   68
   69   72   77   83   92  103  114  126  138  148  156  162  165  165  163  158
  152  143  134  124  115  106   98   91   86   81   76   71   65   58   51   43
   36   32   30   31   35   40   46   50   52   53   51   50   48   47   48   50
   52   53   55   55   56   57   58   61   64
    60.0-180.0 180.0   5.0 450.0                            LAT/LON1/LON2/DLON/H
   61   65   69   73   76   76   75   72   69   66   63   60   59   58   57   58
   59   63   69   77   89  103  119  136  151  165  177  185  190  192  190  185
  178  169  159  149  139  130  122  115  109  103   98   92   85   76   67   56
   46   38   33   31   32   36   40   44   46   47   46   45   45   47   49   52
   55   58   59   59   58   57   57   58   61
    57.5-180.0 180.0   5.0 450.0                            LAT/LON1/LON2/DLON/H
   61   64   67   70   72   72   69   65   61   56   52   49   47   45   44   45
   47   52   60   71   86  104  124  144  164  181  196  207  213  215  213  208
  200  191  181  171  162  153  146  139  132  126  120  113  104   95   83   71
   59   48   40   35   33   35   38   41   43   44   44   45   47   50   54   58
   62   65   66   65   64   62   61   60   61
    55.0-180.0 180.0   5.0 450.0                            LAT/LON1/LON2/DLON/H
   66   67   69   71   71   69   65   60   54   48   42   38   34   31   31   32
   36   43   53   67   85  106  130  153  176  196  213  225  232  234  231  224
  215  206  196  188  181  174  167  161  154  147  140  131  122  111  100   87
   73   61   50   43   40   39   41   44   46   47   48   50   54   58   62   67
   71   73   74   74   73   70   68   67   66
    52.5-180.0 180.0   5.0 450.0                            LAT/LON1/LON2/DLON/H
   75   74   75   75   74   71   65   58   51   43   36   29   24   20   20   22
   28   37   50   67   87  111  136  161  185  207  225  239  246  247  241  232
  222  212  204  198  193  190  186  181  175  167  158  148  137  125  113  101
   88   76   65   56   51   50   50   52   54   56   59   61   65   69   74   77
   80   82   83   83   82   81   78   76   75
    50.0-180.0 180.0   5.0 450.0                            LAT/LON1/LON2/DLON/H
   84   83   82   81   80   76   69   61   52   43   35   26   19   14   14   18
   26   38   53   71   93  117  143  169  193  215  234  248  255  253  246  234
  222  212  205  202  201  201  200  198  193  184  173  161  148  136  124  113
  102   91   80   72   66   64   64   66   68   70   73   76   80   83   86   88
   88   89   90   91   91   91   89   86   84
    47.5-180.0 180.0   5.0 450.0                            LAT/LON1/LON2/DLON/H
   92   90   89   88   86   83   76   68   60   50   40   30   21   15   14   20
   30   44   60   79  101  125  150  175  198  221  240  253  259  256  246  231
  217  207  202  201  204  208  212  212  208  199  186  172  157  143  132  122
  113  104   96   88   82   80   80   81   83   86   88   92   94   97   97   96
   94   93   93   95   96   97   97   94   92
    45.0-180.0 180.0   5.0 450.0                            LAT/LON1/LON2/DLON/H
   95   92   92   92   92   90   85   78   71   62   52   41   30   23   22   28
   40   55   72   91  111  134  157  180  202  223  243  256  262  257  244  227
  211  201  197  199  205  213  220  224  221  212  198  181  164  149  138  129
  122  115  109  102   97   95   94   95   97  100  102  104  106  106  104  101
   96   93   93   94   97   99   99   97   95
    42.5-180.0 180.0   5.0 450.0                            LAT/LON1/LON2/DLON/H
   92   90   90   93   95   95   93   89   83   77   69   58   46   37   35   42
   55   71   87  104  122  143  163  184  204  225  244  258  263  258  242  224
  208  198  196  200  208  218  228  234  233  224  209  191  172  155  143  134
  128  123  119  114  109  107  106  107  108  110  111  112  113  111  107  101
   95   91   89   90   93   95   96   94   92
    40.0-180.0 180.0   5.0 450.0                            LAT/LON1/LON2/DLON/H
   84   83   84   88   94   97   98   97   95   92   86   77   65   55   53   60
   73   89  104  118  134  152  170  189  207  226  245  260  266  259  244  225
  210  201  200  205  215  226  237  243  243  235  221  202  182  165  150  141
  135  131  127  123  119  116  115  115  115  116  116  115  114  111  106   99
   92   86   83   83   84   87   88   87   84
    37.5-180.0 180.0   5.0 450.0                            LAT/LON1/LON2/DLON/H
   75   73   75   81   89   95   98  100  101  103  102   95   84   74   72   79
   93  108  121  134  147  163  179  195  211  228  247  262  268  263  248  231
  218  213  214  219  227  238  248  254  254  247  234  217  198  180  164  152
  144  140  136  132  128  125  124  123  122  120  118  116  113  108  102   95
   88   82   77   75   75   76   77   77   75
    35.0-180.0 180.0   5.0 450.0                            LAT/LON1/LON2/DLON/H
   67   65   66   72   81   89   93   97  101  108  112  109  101   92   91   99
  113  128  140  151  162  176  191  204  217  232  249  265  272  268  256  243
  235  233  236  242  248  256  264  269  268  262  250  237  220  203  185  170
  160  154  150  146  141  138  136  134  132  128  123  118  112  106   99   93
   86   80   74   69   67   67   69   69   67
    32.5-180.0 180.0   5.0 450.0                            LAT/LON1/LON2/DLON/H
   65   61   60   64   72   80   85   89   95  105  115  117  113  106  107  117
  133  149  160  170  181  194  206  217  226  238  253  268  276  275  267  259
  257  261  267  273  278  283  288  290  287  281  273  264  251  235  217  199
  185  177  171  166  161  158  156  153  150  144  136  126  117  108  101   94
   88   82   75   68   64   63   66   67   65
    30.0-180.0 180.0   5.0 450.0                            LAT/LON1/LON2/DLON/H
   71   65   59   59   65   71   74   77   84   97  111  119  118  115  119  132
  151  169  182  192  202  214  225  232  237  244  256  270  281  283  281  280
  285  295  305  311  315  317  319  318  314  308  303  299  292  278  258  238
  221  209  201  195  191  188  186  184  179  171  159  145  131  118  108  101
   96   90   81   73   67   67   71   74   71
    27.5-180.0 180.0   5.0 450.0                            LAT/LON1/LON2/DLON/H
   86   76   65   60   61   65   65   65   71   84  101  114  117  118  126  144
  168  190  205  216  227  238  246  249  249  251  260  274  286  294  298  305
  318  333  347  354  358  359  359  356  350  344  342  343  340  329  309  285
  264  250  240  233  229  227  226  225  220  209  193  175  155  138  124  115
  109  103   94   84   78   79   85   89   86
    25.0-180.0 180.0   5.0 450.0                            LAT/LON1/LON2/DLON/H
  108   93   76   65   62   62   59   56   59   72   90  105  112  117  130  153
  183  209  228  241  252  261  266  265  260  258  265  279  294  307  319  334
  353  374  391  400  404  406  406  403  396  390  390  395  395  385  364  337
  314  296  285  277  273  273  274  274  268  256  237  214  189  166  147  135
  128  121  112  103   97   99  106  112  108
    22.5-180.0 180.0   5.0 450.0                            LAT/LON1/LON2/DLON/H
  132  114   91   74   68   65   59   52   51   62   79   95  105  114  131  161
  196  228  250  265  276  283  285  280  271  266  271  286  306  325  344  366
  390  415  434  446  452  456  458  455  449  444  445  452  454  443  420  391
  364  345  331  323  319  320  324  325  319  305  284  257  227  199  176  160
  150  142  134  126  121  124  132  138  132
    20.0-180.0 180.0   5.0 450.0                            LAT/LON1/LON2/DLON/H
  155  133  106   86   77   72   64   55   50   58   73   88   99  111  133  167
  208  244  270  286  296  301  300  292  282  276  281  298  323  349  375  401
  429  455  475  488  497  505  510  510  505  502  504  510  511  498  472  440
  412  391  375  364  360  363  368  370  365  350  327  298  266  234  207  187
  174  166  159  151  147  150  158  162  155
    17.5-180.0 180.0   5.0 450.0                            LAT/LON1/LON2/DLON/H
  170  147  119   97   87   82   74   63   56   59   72   85   96  111  136  175
  219  258  286  302  311  314  311  303  294  290  297  317  347  379  409  439
  468  493  513  527  538  549  558  563  562  560  562  566  563  546  517  484
  455  432  413  399  393  395  401  404  398  382  359  330  298  266  237  213
  198  189  183  177  173  173  178  180  170
    15.0-180.0 180.0   5.0 450.0                            LAT/LON1/LON2/DLON/H
  175  153  126  106   97   93   86   74   66   66   75   86   98  114  143  184
  230  270  298  314  322  323  321  315  310  309  320  344  377  413  447  478
  505  528  546  559  572  586  600  609  612  613  615  616  608  585  554  520
  492  466  444  425  416  416  421  422  415  398  376  350  321  291  262  237
  219  210  204  200  195  191  190  187  175
    12.5-180.0 180.0   5.0 450.0                            LAT/LON1/LON2/DLON/H
  171  151  129  112  106  103   96   85   76   76   83   92  103  122  153  196
  241  280  307  323  329  330  330  330  331  337  351  377  413  451  486  515
  539  558  574  586  598  614  631  644  652  657  659  656  642  615  582  551
  523  496  469  444  429  425  426  425  415  398  377  355  333  308  282  256
  237  227  222  218  211  202  193  185  171
    10.0-180.0 180.0   5.0 450.0                            LAT/LON1/LON2/DLON/H
  160  143  127  115  111  109  103   93   85   84   90  100  112  133  166  208
  252  289  314  329  335  338  342  349  359  372  389  416  452  490  523  548
  568  583  595  606  618  633  652  668  680  687  689  683  666  637  605  576
  551  523  491  458  435  425  421  416  402  384  365  349  334  317  295  271
  251  240  236  232  221  205  189  174  160
     7.5-180.0 180.0   5.0 450.0                            LAT/LON1/LON2/DLON/H
  145  133  123  116  114  111  104   95   89   89   96  106  121  144  179  222
  263  297  321  334  341  348  358  374  393  412  433  458  491  525  554  575
  590  601  611  620  630  645  663  681  696  705  707  699  680  652  624  601
  579  550  511  470  439  421  411  400  383  364  347  337  330  321  305  283
  262  249  245  240  226  204  179  159  145
     5.0-180.0 180.0   5.0 450.0                            LAT/LON1/LON2/DLON/H
  133  125  120  117  114  109  101   92   87   89   98  110  128  154  191  233
  272  304  326  341  350  361  378  404  431  456  476  498  525  554  578  594
  604  612  621  629  638  650  667  685  700  710  713  705  687  663  641  624
  606  577  533  484  443  417  401  385  364  344  329  324  324  322  311  291
  270  256  251  245  228  201  170  146  133
     2.5-180.0 180.0   5.0 450.0                            LAT/LON1/LON2/DLON/H
  127  123  122  119  114  106   96   85   81   86   96  111  131  160  199  241
  279  309  332  348  361  377  401  434  469  496  516  533  553  576  594  604
  611  618  626  635  643  653  667  683  697  706  709  703  688  670  656  646
  632  602  553  497  449  416  394  373  351  330  317  316  321  324  316  298
  276  261  255  248  230  199  165  139  127
