data/电离层参数/2023-10-31/图3对应的数据--whug0010.00i
     1.0            IONOSPHERE MAPS     GNSS                IONEX VERSION / TYPE
IRIS V2.0           IRIS                20-Mar-16 03:31     PGM / RUN BY / DATE 
WHU'S GLOBAL IONOSPHERE MAPS FOR DAY 001, 2000              COMMENT             
Contact address: Cheng Wang, ac@ionosphere.cn               DESCRIPTION         
Web page:        http://ionosphere.cn                       DESCRIPTION         
ionosphere                                                  COMMENT             
GNSS IRIS 2.0                                               COMMENT             
  2000     1     1     0     0     0                        EPOCH OF FIRST MAP  
  2000     1     2     0     0     0                        EPOCH OF LAST MAP  
  7200                                                      INTERVAL            
    13                                                      # OF MAPS IN FILE   
  MSLM                                                      MAPPING FUNCTION    
Two-way carrier phase leveled to code                       OBSERVABLES USED    
   239                                                      # OF STATIONS       
    28                                                      # OF SATELLITES     
  6371.0                                                    BASE RADIUS         
     2                                                      MAP DIMENSION       
   450.0 450.0   0.0                                        HGT1 / HGT2 / DHGT  
    87.5 -87.5  -2.5                                        LAT1 / LAT2 / DLAT  
  -180.0 180.0   5.0                                        LON1 / LON2 / DLON  
    -1                                                      EXPONENT            
TEC/RMS values in 0.1 TECU; 9999, if no value available     COMMENT             
List of stations:                                           COMMENT             
acor ade1 ais1 alac albh algo alic amc2 ankr aoa1 aoml arp3 COMMENT             
artu atwc auck azry azu1 barb barh bay1 bbry bhr1 bill bjfs COMMENT             
blyt bogo bor1 braz brmu brst brus bshm bucu bzrg cabl cagl COMMENT             
carr cas1 casa casc cat1 ccjm ccv3 cedu cfag cha1 chb1 chil COMMENT             
chl1 chum chur chwk cic1 cit1 clar cmp9 coco coso coyq crfp COMMENT             
cro1 daej darw dgar dhlg drao dubo duck dum1 ebre eil1 eng1 COMMENT             
eprt fair flin gal1 geno gilb glpt glsv gol2 gope gras graz COMMENT             
guam hers hflk hnlc hnpt hob2 hofn holb holp hrm1 iisc irkt COMMENT             
ista jama joen jplm kabr karr kels kely ken1 kerg kir0 kiru COMMENT             
kit3 kod1 kok1 kokb kosg kouc kyw1 lama lamp lasc lhas lhaz COMMENT             
lhue lpgs mad2 mag0 mar6 mars mas1 math maui maw1 mcm4 mdo1 COMMENT             
mdvo medi mem2 mil1 mkea mlf1 mob1 nano neah newl newp nico COMMENT             
nlib noto npri nrc1 ntus nya1 nyal oat2 onsa osn1 palm parc COMMENT             
pbl1 pert petp pie1 pin1 plo3 pol2 psu1 pur3 pvep quin red1 COMMENT             
reyk reyz riga rock sag1 sav1 sch2 scip seat sele sfer shao COMMENT             
shee shk1 sio3 sni1 sol1 spk1 stjo str1 syog tabl thti thu1 COMMENT             
thu2 tixi torp toul tow2 trab trak tskb tubi uclp uclu unpg COMMENT             
upo1 urum usc1 usna usud vaas van1 vene vesl vil0 vill vims COMMENT             
vis0 vndp vtis wel1 wes2 wgtn whc1 whit widc will wis1 wlsn COMMENT             
wslr wsrt wtza wtzz wuhn yakz yell yssk zeck zimm zwen      COMMENT             
                                                            END OF HEADER       
[from data line 3432]
     9                                                      START OF TEC MAP    
  2000     1     1    16     0     0                        EPOCH OF CURRENT MAP
    87.5-180.0 180.0   5.0 450.0                            LAT/LON1/LON2/DLON/H
   53   53   53   53   53   52   52   52   52   52   52   52   52   52   52   52
   52   52   53   53   53   54   54   55   55   56   56   56   57   57   58   58
   58   58   59   59   59   59   59   59   59   58   58   58   58   57   57   57
   57   56   56   56   56   55   55   55   55   55   55   55   55   55   55   55
   55   55   55   54   54   54   54   54   53
    85.0-180.0 180.0   5.0 450.0                            LAT/LON1/LON2/DLON/H
   57   56   56   55   54   53   53   52   52   51   51   51   51   51   51   51
   51   52   52   53   54   54   55   56   57   58   59   60   61   62   62   63
   64   64   65   65   65   65   65   65   64   63   63   62   61   60   59   58
   57   57   56   56   55   55   55   55   55   56   56   57   57   58   58   59
   59   59   59   59   59   59   58   58   57
    82.5-180.0 180.0   5.0 450.0                            LAT/LON1/LON2/DLON/H
   64   63   61   60   58   57   56   55   54   53   53   53   53   53   53   53
   53   54   54   55   56   57   58   59   60   61   62   63   64   65   66   68
   68   69   70   70   70   70   70   69   68   67   66   64   63   61   59   58
   56   55   54   53   53   53   53   54   55   56   58   59   61   63   64   66
   67   68   68   68   68   67   67   65   64
    80.0-180.0 180.0   5.0 450.0                            LAT/LON1/LON2/DLON/H
   72   70   68   66   64   62   61   60   59   59   59   58   58   58   59   59
   59   59   60   60   61   61   62   62   63   64   64   65   66   67   68   69
   70   71   72   72   72   72   72   71   69   68   66   64   62   60   58   56
   54   53   51   50   50   50   51   52   54   56   59   62   65   68   71   74
   76   78   78   79   78   78   76   74   72
    77.5-180.0 180.0   5.0 450.0                            LAT/LON1/LON2/DLON/H
   79   76   74   71   70   68   67   67   67   67   67   67   67   68   68   68
   68   68   68   68   68   68   68   68   68   68   67   67   66   66   67   67
   68   68   69   70   70   70   69   68   66   64   63   61   58   56   55   53
   51   50   49   48   48   48   49   51   53   57   60   64   69   73   77   81
   84   86   87   88   87   86   84   82   79
    75.0-180.0 180.0   5.0 450.0                            LAT/LON1/LON2/DLON/H
   82   79   77   75   74   73   73   74   75   76   77   77   78   78   78   78
   78   78   78   78   78   78   78   77   76   74   71   69   67   65   63   63
   62   63   63   64   64   63   62   61   59   57   55   54   52   51   50   50
   49   48   48   47   47   48   49   51   53   57   61   66   71   76   80   84
   88   90   92   92   91   90   88   85   82
    72.5-180.0 180.0   5.0 450.0                            LAT/LON1/LON2/DLON/H
   81   79   77   76   76   76   78   79   81   83   85   87   87   88   87   87
   87   87   87   88   89   90   90   89   87   83   79   74   69   64   61   59
   57   57   57   57   56   55   54   52   50   48   46   45   45   45   46   47
   47   48   48   48   49   49   50   51   54   57   61   65   70   75   79   83
   86   89   90   90   90   88   86   84   81
    70.0-180.0 180.0   5.0 450.0                            LAT/LON1/LON2/DLON/H
   77   76   75   76   76   78   80   82   85   88   90   92   93   93   93   92
   92   93   95   98  101  104  106  106  103   98   91   84   76   68   62   58
   55   54   53   52   51   49   47   44   41   38   37   36   37   39   41   44
   47   49   50   50   51   51   52   53   54   57   60   63   66   70   74   77
   79   81   83   83   83   82   80   78   77
    67.5-180.0 180.0   5.0 450.0                            LAT/LON1/LON2/DLON/H
   71   71   72   74   75   77   79   82   84   87   90   92   93   94   93   93
   94   97  101  107  114  120  124  126  124  118  110   99   88   78   70   64
   59   57   55   53   51   48   44   40   35   32   30   29   31   34   38   42
   46   49   51   52   53   53   53   54   55   56   57   59   61   63   65   67
   69   71   72   72   72   72   72   71   71
    65.0-180.0 180.0   5.0 450.0                            LAT/LON1/LON2/DLON/H
   66   68   70   72   73   75   76   77   79   81   84   86   88   89   90   91
   93   98  105  115  126  137  145  149  148  142  133  121  108   96   86   77
   72   67   64   61   58   53   48   42   36   31   28   27   28   31   35   40
   44   48   50   52   52   53   53   54   54   54   55   55   55   55   56   57
   58   60   61   62   63   63   64   65   66
    62.5-180.0 180.0   5.0 450.0                            LAT/LON1/LON2/DLON/H
   63   66   69   71   72   72   71   70   69   70   72   75   79   81   84   87
   92   99  110  124  140  155  166  173  174  169  159  147  133  120  109   99
   92   86   81   76   71   65   58   50   43   36   32   29   29   31   35   39
   43   45   48   49   50   51   52   53   53   53   52   51   50   49   49   49
   50   52   54   55   57   58   59   61   63
    60.0-180.0 180.0   5.0 450.0                            LAT/LON1/LON2/DLON/H
   64   67   70   71   71   69   65   61   58   57   59   63   68   73   79   85
   93  103  118  135  154  173  187  196  199  195  186  174  161  148  137  126
  117  109  101   94   87   80   72   64   55   47   41   37   35   35   37   39
   41   42   44   45   47   49   51   52   53   52   51   49   47   46   46   47
   48   51   53   55   57   58   59   61   64
    57.5-180.0 180.0   5.0 450.0                            LAT/LON1/LON2/DLON/H
   68   70   73   74   72   67   60   52   46   44   45   51   59   68   77   87
   98  112  129  149  171  191  207  217  220  217  210  200  189  178  167  156
  144  134  123  114  105   96   88   79   71   62   55   49   45   43   41   41
   40   40   40   41   44   47   50   53   54   54   52   50   49   48   49   50
   53   56   59   62   63   64   65   66   68
    55.0-180.0 180.0   5.0 450.0                            LAT/LON1/LON2/DLON/H
   74   75   77   77   74   67   57   46   38   34   36   44   55   67   80   94
  109  126  145  166  188  208  223  233  237  235  230  223  214  205  194  182
  169  156  142  130  120  111  102   94   86   78   70   63   58   53   49   45
   42   40   40   41   44   49   53   57   59   58   57   55   54   55   57   60
   64   67   71   73   74   74   74   73   74
    52.5-180.0 180.0   5.0 450.0                            LAT/LON1/LON2/DLON/H
   81   81   82   82   78   70   58   45   35   31   34   43   57   73   89  106
  124  143  164  185  205  223  236  245  249  248  245  240  234  226  216  204
  189  173  157  143  131  121  114  106   99   92   85   78   71   65   59   53
   48   45   44   45   49   55   60   65   67   66   65   64   64   65   69   73
   77   81   84   86   86   85   84   82   81
    50.0-180.0 180.0   5.0 450.0                            LAT/LON1/LON2/DLON/H
   87   86   87   86   82   74   63   50   40   36   39   50   65   83  102  122
  142  163  184  204  222  236  247  254  257  257  255  252  247  240  230  217
  201  183  166  151  139  130  122  116  109  103   96   90   83   76   70   63
   58   54   53   54   59   65   72   76   78   77   76   75   76   78   82   85
   89   92   95   96   96   95   92   89   87
    47.5-180.0 180.0   5.0 450.0                            LAT/LON1/LON2/DLON/H
   92   90   90   90   87   81   70   59   50   48   53   65   80   98  118  138
  160  182  202  221  236  247  255  261  263  264  263  260  255  247  236  222
  206  189  173  159  147  138  131  123  117  110  104   99   93   87   81   75
   70   67   66   68   73   79   86   90   91   90   88   87   88   91   93   95
   97   98   99  100  100   99   97   94   92
    45.0-180.0 180.0   5.0 450.0                            LAT/LON1/LON2/DLON/H
   93   92   92   92   91   87   79   71   66   66   73   85  100  116  135  155
  177  198  218  235  247  256  263  268  271  273  271  267  259  248  235  221
  207  193  180  169  159  151  142  132  124  116  110  105  100   95   91   87
   83   81   81   83   88   94  100  103  104  102  100   99  100  100  101  100
   99   98   97   96   97   97   97   95   93
    42.5-180.0 180.0   5.0 450.0                            LAT/LON1/LON2/DLON/H
   92   91   92   93   93   92   88   84   83   86   96  108  121  136  152  170
  191  213  231  246  256  264  270  276  281  283  281  274  262  247  232  219
  208  199  192  185  178  169  158  145  133  122  114  109  105  102   99   97
   96   96   97   99  102  107  112  114  114  112  110  109  108  106  104  100
   95   91   88   87   88   90   92   93   92
    40.0-180.0 180.0   5.0 450.0                            LAT/LON1/LON2/DLON/H
   89   89   89   91   93   93   93   93   97  106  118  131  144  156  170  186
  206  226  243  255  264  271  278  287  294  297  294  283  266  247  230  219
  213  212  211  210  205  196  182  164  146  132  121  114  110  108  107  107
  109  110  111  113  115  118  121  122  122  120  117  115  112  108  102   95
   88   82   77   76   77   81   85   88   89
    37.5-180.0 180.0   5.0 450.0                            LAT/LON1/LON2/DLON/H
   84   85   85   87   89   91   93   98  106  120  137  153  166  177  189  204
  222  240  254  264  271  278  287  298  308  312  308  294  273  250  234  226
  227  233  240  243  239  229  212  189  167  147  133  124  119  116  116  118
  121  124  126  126  126  127  128  127  126  124  121  118  113  106   98   89
   81   74   69   66   67   71   77   82   84
    35.0-180.0 180.0   5.0 450.0                            LAT/LON1/LON2/DLON/H
   79   79   80   81   83   85   89   96  109  128  150  170  186  199  211  226
  242  256  267  274  279  285  296  309  321  327  322  306  283  260  245  242
  251  264  276  281  277  265  245  220  193  169  152  141  134  130  129  131
  136  140  142  141  139  137  135  132  129  126  123  119  112  103   93   84
   77   72   67   63   63   65   70   76   79
    32.5-180.0 180.0   5.0 450.0                            LAT/LON1/LON2/DLON/H
   74   74   74   74   75   77   81   90  107  131  158  184  205  221  236  251
  265  277  283  285  287  292  303  317  330  337  334  319  297  276  266  270
  284  303  316  320  315  301  279  252  224  199  179  166  157  151  148  150
  155  161  163  162  157  152  146  140  134  129  125  119  111  101   91   84
   81   78   74   69   65   65   68   71   74
    30.0-180.0 180.0   5.0 450.0                            LAT/LON1/LON2/DLON/H
   70   70   69   68   69   70   73   82  101  129  161  193  220  242  261  278
  292  300  301  298  296  299  308  322  335  343  341  330  314  299  296  306
  326  346  358  357  347  331  310  285  258  234  214  200  189  181  176  176
  182  189  192  191  184  175  164  154  144  136  129  121  112  102   94   91
   92   93   90   84   76   70   69   70   70
    27.5-180.0 180.0   5.0 450.0                            LAT/LON1/LON2/DLON/H
   69   67   65   65   64   64   67   75   95  126  162  200  233  261  285  305
  319  323  319  311  304  304  311  322  334  342  345  341  333  327  332  349
  372  391  397  389  373  356  337  317  294  272  254  241  230  219  212  211
  216  224  229  228  221  208  192  175  159  147  136  127  117  108  102  103
  108  113  111  103   91   81   74   71   69
    25.0-180.0 180.0   5.0 450.0                            LAT/LON1/LON2/DLON/H
   70   67   65   64   64   64   65   74   93  125  164  205  242  276  305  328
  341  343  336  323  313  309  312  320  330  339  347  351  354  359  372  394
  419  435  433  416  394  375  361  346  330  312  298  286  275  264  255  252
  257  265  272  273  264  249  227  204  181  163  149  137  127  119  116  120
  128  134  133  123  108   94   82   75   70
    22.5-180.0 180.0   5.0 450.0                            LAT/LON1/LON2/DLON/H
   74   69   67   67   68   68   70   79   98  130  169  211  250  286  318  343
  357  358  349  334  322  316  315  319  327  337  350  364  378  393  413  439
  463  474  465  440  412  393  383  376  365  352  341  332  322  311  301  296
  299  308  317  319  311  293  267  237  208  184  166  153  143  136  134  138
  145  151  149  139  123  106   92   81   74
    20.0-180.0 180.0   5.0 450.0                            LAT/LON1/LON2/DLON/H
   79   74   72   73   75   77   81   90  110  141  179  219  257  293  325  350
  365  367  358  345  332  325  322  323  329  341  360  382  405  428  452  479
  502  509  494  464  433  415  410  407  400  390  381  375  367  356  344  337
  339  347  357  360  353  334  305  270  236  207  187  173  163  157  155  155
  158  160  156  147  132  115  100   88   79
    17.5-180.0 180.0   5.0 450.0                            LAT/LON1/LON2/DLON/H
   84   78   76   78   83   87   94  106  128  158  194  229  264  296  325  349
  365  370  365  355  346  339  336  336  342  355  379  408  437  464  489  514
  535  540  523  492  462  446  443  442  437  427  418  412  406  395  382  371
  370  378  387  391  384  365  335  298  262  231  208  194  186  180  175  169
  164  159  152  144  133  120  106   94   84
    15.0-180.0 180.0   5.0 450.0                            LAT/LON1/LON2/DLON/H
   88   81   79   82   88   96  107  123  148  178  212  243  272  298  322  344
  361  371  373  369  364  360  359  360  367  382  409  441  473  499  522  544
  562  567  553  526  499  486  484  482  473  460  450  444  438  426  410  397
  392  396  403  406  400  382  353  318  281  251  228  215  208  202  193  179
  163  149  140  134  128  120  110   98   88
    12.5-180.0 180.0   5.0 450.0                            LAT/LON1/LON2/DLON/H
   90   82   80   82   90  101  116  137  165  198  231  259  282  302  320  339
  357  373  384  389  390  389  391  395  404  421  449  482  512  535  551  568
  584  592  585  565  545  535  531  525  511  492  478  470  462  449  429  412
  402  402  405  406  400  383  358  327  294  266  245  233  227  221  207  185
  158  136  123  119  119  117  110  100   90
    10.0-180.0 180.0   5.0 450.0                            LAT/LON1/LON2/DLON/H
   88   80   77   79   87  100  119  145  178  213  248  275  295  310  322  338
  359  381  401  415  421  425  430  437  449  468  495  526  552  568  577  588
  603  616  618  608  596  588  582  570  548  523  504  493  482  465  441  419
  404  398  397  394  386  372  351  326  300  276  257  247  243  236  219  189
  153  123  108  107  111  113  108   99   88
     7.5-180.0 180.0   5.0 450.0                            LAT/LON1/LON2/DLON/H
   86   77   72   73   80   94  116  146  182  222  260  290  310  321  330  344
  367  396  425  446  458  465  472  483  497  517  541  568  588  598  600  606
  619  637  648  649  645  639  629  611  582  552  529  514  500  477  449  421
  402  391  383  376  365  353  338  320  301  281  265  256  253  247  228  194
  152  118  101  101  107  110  106   96   86
     5.0-180.0 180.0   5.0 450.0                            LAT/LON1/LON2/DLON/H
   83   74   67   66   72   86  109  141  180  224  266  301  324  336  344  357
  382  417  453  480  495  504  513  526  542  561  582  603  618  622  619  621
  634  655  673  683  685  680  668  645  612  580  555  537  518  490  456  424
  400  384  371  358  344  333  322  312  299  283  269  261  258  253  236  201
  158  122  105  105  111  112  106   95   83
     2.5-180.0 180.0   5.0 450.0                            LAT/LON1/LON2/DLON/H
   84   74   66   63   67   80  102  133  173  219  266  307  336  352  361  374
  401  441  482  513  529  538  548  561  578  594  611  627  638  639  634  634
  646  668  691  706  711  707  694  669  637  606  582  562  538  505  465  429
  402  382  364  346  329  317  310  305  297  285  271  262  260  257  243  212
  171  138  122  121  124  120  110   96   84
