data/电离层参数/2023-10-31/图3对应的数据--whug0010.00i
     1.0            IONOSPHERE MAPS     GNSS                IONEX VERSION / TYPE
IRIS V2.0           IRIS                20-Mar-16 03:31     PGM / RUN BY / DATE 
WHU'S GLOBAL IONOSPHERE MAPS FOR DAY 001, 2000              COMMENT             
Contact address: Cheng Wang, ac@ionosphere.cn               DESCRIPTION         
Web page:        http://ionosphere.cn                       DESCRIPTION         
ionosphere                                                  COMMENT             
GNSS IRIS 2.0                                               COMMENT             
  2000     1     1     0     0     0                        EPOCH OF FIRST MAP  
  2000     1     2     0     0     0                        EPOCH OF LAST MAP  
  7200                                                      INTERVAL            
    13                                                      # OF MAPS IN FILE   
  MSLM                                                      MAPPING FUNCTION    
Two-way carrier phase leveled to code                       OBSERVABLES USED    
   239                                                      # OF STATIONS       
    28                                                      # OF SATELLITES     
  6371.0                                                    BASE RADIUS         
     2                                                      MAP DIMENSION       
   450.0 450.0   0.0                                        HGT1 / HGT2 / DHGT  
    87.5 -87.5  -2.5                                        LAT1 / LAT2 / DLAT  
  -180.0 180.0   5.0                                        LON1 / LON2 / DLON  
    -1                                                      EXPONENT            
TEC/RMS values in 0.1 TECU; 9999, if no value available     COMMENT             
List of stations:                                           COMMENT             
acor ade1 ais1 alac albh algo alic amc2 ankr aoa1 aoml arp3 COMMENT             
artu atwc auck azry azu1 barb barh bay1 bbry bhr1 bill bjfs COMMENT             
blyt bogo bor1 braz brmu brst brus bshm bucu bzrg cabl cagl COMMENT             
carr cas1 casa casc cat1 ccjm ccv3 cedu cfag cha1 chb1 chil COMMENT             
chl1 chum chur chwk cic1 cit1 clar cmp9 coco coso coyq crfp COMMENT             
cro1 daej darw dgar dhlg drao dubo duck dum1 ebre eil1 eng1 COMMENT             
eprt fair flin gal1 geno gilb glpt glsv gol2 gope gras graz COMMENT             
guam hers hflk hnlc hnpt hob2 hofn holb holp hrm1 iisc irkt COMMENT             
ista jama joen jplm kabr karr kels kely ken1 kerg kir0 kiru COMMENT             
kit3 kod1 kok1 kokb kosg kouc kyw1 lama lamp lasc lhas lhaz COMMENT             
lhue lpgs mad2 mag0 mar6 mars mas1 math maui maw1 mcm4 mdo1 COMMENT             
mdvo medi mem2 mil1 mkea mlf1 mob1 nano neah newl newp nico COMMENT             
nlib noto npri nrc1 ntus nya1 nyal oat2 onsa osn1 palm parc COMMENT             
pbl1 pert petp pie1 pin1 plo3 pol2 psu1 pur3 pvep quin red1 COMMENT             
reyk reyz riga rock sag1 sav1 sch2 scip seat sele sfer shao COMMENT             
shee shk1 sio3 sni1 sol1 spk1 stjo str1 syog tabl thti thu1 COMMENT             
thu2 tixi torp toul tow2 trab trak tskb tubi uclp uclu unpg COMMENT             
upo1 urum usc1 usna usud vaas van1 vene vesl vil0 vill vims COMMENT             
vis0 vndp vtis wel1 wes2 wgtn whc1 whit widc will wis1 wlsn COMMENT             
wslr wsrt wtza wtzz wuhn yakz yell yssk zeck zimm zwen      COMMENT             
                                                            END OF HEADER       
[from data line 4719]
    12                                                      START OF TEC MAP    
  2000     1     1    22     0     0                        EPOCH OF CURRENT MAP
    87.5-180.0 180.0   5.0 450.0                            LAT/LON1/LON2/DLON/H
   96   98  100  101  103  104  105  106  107  107  107  107  106  105  104  103
  102  100   98   95   93   90   88   85   82   79   76   74   71   68   66   63
   61   59   57   55   54   52   51   50   50   49   49   49   49   50   50   51
   52   53   54   55   56   58   59   61   63   65   67   69   71   73   75   77
   79   81   84   86   88   90   92   94   96
    85.0-180.0 180.0   5.0 450.0                            LAT/LON1/LON2/DLON/H
  119  123  127  130  134  137  140  143  145  146  147  147  147  145  144  141
  138  134  130  125  120  115  109  103   97   91   85   79   74   69   64   59
   55   51   48   45   43   41   39   38   38   37   37   38   39   40   41   42
   44   46   48   50   52   55   57   60   63   65   68   71   74   78   81   84
   88   91   95   99  103  107  111  115  119
    82.5-180.0 180.0   5.0 450.0                            LAT/LON1/LON2/DLON/H
  135  142  148  154  161  166  172  177  181  184  186  188  187  186  184  180
  175  170  163  156  149  140  132  123  115  106   97   89   81   74   67   61
   56   51   47   44   42   40   39   38   38   39   39   40   42   43   45   47
   49   51   53   56   58   61   64   67   69   73   76   79   82   85   89   92
   96  100  104  108  113  118  124  129  135
    80.0-180.0 180.0   5.0 450.0                            LAT/LON1/LON2/DLON/H
  144  152  161  170  179  188  196  204  211  216  220  222  222  221  218  213
  207  199  191  181  172  162  151  141  131  121  111  101   92   83   76   69
   63   58   55   52   50   49   49   49   50   51   52   54   55   57   58   60
   61   63   65   67   69   71   74   76   79   82   84   87   90   92   95   98
  101  104  108  113  117  123  129  136  144
    77.5-180.0 180.0   5.0 450.0                            LAT/LON1/LON2/DLON/H
  143  153  163  175  187  198  210  221  230  238  244  247  247  245  240  233
  225  215  205  194  183  173  162  152  142  132  122  112  103   94   87   80
   75   70   68   66   65   65   66   68   69   70   72   73   74   75   75   76
   76   77   77   78   80   81   83   85   87   89   91   93   94   96   98   99
  101  103  106  110  114  120  127  134  143
    75.0-180.0 180.0   5.0 450.0                            LAT/LON1/LON2/DLON/H
  135  145  157  171  185  199  214  227  239  249  257  260  260  256  249  239
  228  215  203  191  180  170  161  153  145  137  129  120  112  104   97   91
   86   83   81   81   82   83   85   87   89   90   91   92   92   91   90   89
   88   87   86   85   85   86   87   88   89   91   92   93   94   94   95   95
   96   97   98  101  105  110  117  125  135
    72.5-180.0 180.0   5.0 450.0                            LAT/LON1/LON2/DLON/H
  122  133  146  160  176  192  209  225  239  252  260  264  263  257  246  232
  217  200  185  172  162  154  148  143  139  135  130  124  117  110  104   99
   94   92   91   92   94   97  100  102  104  105  105  104  103  100   98   95
   92   89   87   85   83   83   84   85   86   87   88   89   89   88   87   86
   85   85   86   88   92   97  104  112  122
    70.0-180.0 180.0   5.0 450.0                            LAT/LON1/LON2/DLON/H
  110  121  134  148  164  181  198  217  234  248  258  262  260  251  236  217
  196  176  157  142  132  126  124  125  125  126  125  121  117  111  105  100
   96   94   94   96   99  102  105  108  109  109  108  106  104  100   97   92
   88   84   80   77   75   74   74   76   78   79   80   81   80   78   76   74
   72   72   72   74   78   84   91  100  110
    67.5-180.0 180.0   5.0 450.0                            LAT/LON1/LON2/DLON/H
  102  113  125  138  153  169  188  207  226  242  254  260  257  246  227  202
  175  149  126  109   98   94   96  101  107  111  114  113  109  104   98   93
   90   88   89   91   94   98  101  103  104  103  101   98   95   91   87   82
   77   72   67   63   61   61   62   64   67   70   71   71   70   68   65   62
   60   59   60   63   68   74   82   92  102
    65.0-180.0 180.0   5.0 450.0                            LAT/LON1/LON2/DLON/H
  103  114  124  136  148  163  180  200  220  239  253  260  258  246  224  195
  162  130  102   81   69   65   68   76   85   93   98   99   96   91   85   79
   76   74   75   78   82   85   88   90   90   88   86   83   79   76   72   67
   62   57   52   48   46   47   49   53   58   61   64   64   62   59   56   53
   51   50   52   56   63   71   81   92  103
    62.5-180.0 180.0   5.0 450.0                            LAT/LON1/LON2/DLON/H
  112  124  134  143  153  165  180  198  219  240  257  267  267  255  232  200
  162  125   92   66   50   45   47   56   66   74   80   80   78   72   66   61
   58   56   58   60   64   68   70   72   71   70   67   64   62   59   57   53
   49   44   39   35   34   36   40   46   52   57   60   60   58   55   51   48
   46   47   51   57   65   76   87  100  112
    60.0-180.0 180.0   5.0 450.0                            LAT/LON1/LON2/DLON/H
  131  143  153  162  169  177  189  205  225  247  266  279  282  272  250  218
  179  138  100   70   49   38   37   42   50   57   61   60   57   51   46   41
   39   38   40   43   46   50   53   54   54   53   51   49   48   47   46   44
   41   36   31   28   27   30   37   44   52   58   61   60   58   54   50   48
   48   50   56   64   75   87  102  116  131
    57.5-180.0 180.0   5.0 450.0                            LAT/LON1/LON2/DLON/H
  156  171  182  190  196  201  209  222  240  260  280  295  301  295  277  247
  210  168  128   92   65   48   40   39   41   44   44   41   37   31   27   25
   24   25   27   30   34   38   41   43   43   42   41   40   41   42   43   43
   40   36   31   28   28   32   39   48   56   62   65   64   61   56   53   52
   54   59   67   78   90  105  121  138  156
    55.0-180.0 180.0   5.0 450.0                            LAT/LON1/LON2/DLON/H
  183  202  217  226  232  235  239  248  261  279  297  312  320  318  305  281
  248  210  169  130   97   72   56   46   40   36   31   26   20   16   14   14
   16   19   22   26   29   33   37   40   41   41   41   41   43   46   49   50
   48   43   38   35   35   39   47   56   65   70   71   69   65   61   58   59
   63   71   82   95  109  125  143  163  183
    52.5-180.0 180.0   5.0 450.0                            LAT/LON1/LON2/DLON/H
  210  233  252  265  272  275  276  280  288  300  314  327  336  337  330  313
  287  254  216  177  139  107   81   61   47   36   26   17   11    7    8   12
   17   22   26   30   34   38   42   45   47   48   49   50   53   57   60   62
   60   56   51   47   47   51   59   67   74   78   78   74   69   65   63   66
   73   85   98  113  128  145  164  186  210
    50.0-180.0 180.0   5.0 450.0                            LAT/LON1/LON2/DLON/H
  233  260  284  302  311  315  315  315  317  323  331  339  345  348  345  335
  317  292  260  223  184  146  112   84   61   43   28   17   10    7   10   17
   25   32   37   41   45   49   54   58   60   62   63   64   67   71   75   77
   76   72   67   63   63   67   73   80   85   86   84   79   72   68   67   72
   82   97  113  130  146  162  182  206  233
    47.5-180.0 180.0   5.0 450.0                            LAT/LON1/LON2/DLON/H
  250  281  308  330  344  349  350  347  345  344  345  347  349  350  349  345
  335  319  294  262  225  184  145  110   81   58   40   26   17   15   20   28
   38   46   52   56   60   64   69   72   75   77   78   79   81   85   88   90
   90   87   83   81   81   84   88   92   94   93   89   82   75   71   71   77
   90  108  126  144  160  177  196  221  250
    45.0-180.0 180.0   5.0 450.0                            LAT/LON1/LON2/DLON/H
  261  293  323  347  364  373  375  373  368  362  357  352  349  347  346  344
  340  330  314  290  257  217  175  137  104   78   58   43   33   30   34   42
   52   60   66   71   75   79   83   86   88   89   90   91   93   95   97   99
  100   99   98   98   99  101  103  104  103  100   94   86   79   75   75   82
   97  116  137  155  171  187  207  232  261
    42.5-180.0 180.0   5.0 450.0                            LAT/LON1/LON2/DLON/H
  269  300  328  352  371  383  388  387  382  375  366  357  348  342  338  335
  333  329  321  304  277  242  201  161  127  101   81   65   53   48   49   56
   64   71   76   81   86   90   93   95   96   96   97   98   99  100  102  104
  106  108  111  113  116  118  118  116  113  107  100   93   85   80   81   89
  104  124  145  164  180  196  215  240  269
    40.0-180.0 180.0   5.0 450.0                            LAT/LON1/LON2/DLON/H
  276  303  327  348  365  379  387  390  387  381  373  362  351  340  332  326
  322  320  316  307  288  258  220  181  148  123  104   88   75   67   65   67
   72   77   82   87   93   97   99   99   98   98   99  100  101  101  102  104
  109  115  121  128  132  133  132  128  122  116  109  101   94   89   89   97
  113  133  154  172  188  204  224  249  276
    37.5-180.0 180.0   5.0 450.0                            LAT/LON1/LON2/DLON/H
  287  308  325  339  353  366  377  383  385  383  379  370  359  346  332  321
  313  309  308  305  292  267  232  196  165  143  126  110   95   84   78   77
   78   80   83   89   96  101  102   99   96   96   98  100  101  101  101  104
  110  120  130  140  146  148  145  139  132  126  119  112  104   99  100  108
  124  144  165  182  197  213  235  261  287
    35.0-180.0 180.0   5.0 450.0                            LAT/LON1/LON2/DLON/H
  303  319  327  333  341  353  364  373  379  384  385  382  373  358  341  324
  311  303  301  301  293  273  241  206  177  157  142  127  111   98   90   86
   84   83   85   91   99  104  103   98   94   93   96  101  103  103  103  106
  113  125  139  150  158  159  155  148  141  135  129  122  115  110  112  121
  138  159  178  194  207  225  249  278  303
    32.5-180.0 180.0   5.0 450.0                            LAT/LON1/LON2/DLON/H
  327  340  340  338  340  348  359  368  377  388  396  399  392  378  358  336
  317  305  301  301  296  278  247  212  185  166  152  138  123  111  103   99
   95   91   91   96  103  108  106   99   93   93   98  105  109  109  109  112
  120  132  146  158  166  166  161  153  147  142  136  129  122  119  122  135
  154  175  194  208  221  239  267  300  327
    30.0-180.0 180.0   5.0 450.0                            LAT/LON1/LON2/DLON/H
  358  371  367  359  357  362  369  377  388  402  416  422  416  400  379  355
  333  317  309  307  302  284  253  219  191  172  159  145  132  123  120  119
  115  109  106  108  113  116  113  104   97   97  104  113  119  121  121  123
  129  139  152  163  168  167  161  154  148  143  138  130  124  122  130  146
  169  193  212  224  236  255  287  326  358
    27.5-180.0 180.0   5.0 450.0                            LAT/LON1/LON2/DLON/H
  393  410  407  398  394  398  403  408  417  432  447  452  443  423  400  376
  354  336  325  320  313  294  263  228  199  180  166  152  142  139  143  148
  147  139  131  128  130  130  124  114  107  107  116  126  133  135  136  136
  140  147  155  162  166  163  156  148  143  138  132  124  118  119  131  153
  181  209  229  242  252  272  308  354  393
    25.0-180.0 180.0   5.0 450.0                            LAT/LON1/LON2/DLON/H
  427  453  456  451  451  456  460  462  468  481  493  491  473  445  418  397
  377  359  346  337  328  308  277  243  214  194  178  165  157  161  175  188
  190  181  167  157  152  147  139  128  120  121  130  140  147  150  150  149
  150  151  154  157  157  153  145  137  132  128  120  111  106  111  128  156
  189  221  245  258  268  287  326  379  427
    22.5-180.0 180.0   5.0 450.0                            LAT/LON1/LON2/DLON/H
  457  494  507  512  519  530  535  536  540  550  555  541  507  465  433  414
  400  384  369  357  344  325  296  265  239  219  202  187  182  193  215  235
  241  230  210  191  178  167  156  144  136  137  144  153  159  161  160  158
  155  151  148  146  144  139  130  123  117  112  104   94   90   98  121  154
  192  229  257  273  282  300  340  399  457
    20.0-180.0 180.0   5.0 450.0                            LAT/LON1/LON2/DLON/H
  479  527  553  569  588  607  617  619  623  631  629  600  545  486  446  429
  421  409  393  377  362  344  321  296  276  258  239  223  218  233  261  286
  294  280  254  227  205  188  173  160  152  151  156  162  165  165  163  160
  153  145  138  133  129  123  115  108  102   96   87   77   74   87  114  150
  191  231  264  284  294  310  349  412  479
    17.5-180.0 180.0   5.0 450.0                            LAT/LON1/LON2/DLON/H
  489  548  586  615  646  674  691  698  705  714  707  663  588  510  461  445
  443  435  417  397  380  365  349  335  323  309  291  273  266  280  308  333
  340  325  295  261  231  207  189  175  167  164  165  167  166  163  159  154
  146  135  125  119  115  110  103   95   90   83   73   63   63   80  110  147
  188  229  267  292  303  316  353  416  489
    15.0-180.0 180.0   5.0 450.0                            LAT/LON1/LON2/DLON/H
  491  556  603  641  681  718  742  756  771  785  777  724  632  539  481  467
  469  463  442  417  398  387  381  379  377  370  353  334  323  331  352  371
  375  358  326  288  253  225  204  189  179  174  171  168  162  156  149  143
  134  123  113  107  105  102   96   89   82   76   66   57   61   81  112  148
  185  225  267  297  311  322  353  415  491
    12.5-180.0 180.0   5.0 450.0                            LAT/LON1/LON2/DLON/H
  485  554  604  647  691  732  762  782  806  829  827  772  672  570  509  496
  502  497  472  442  420  412  415  424  433  433  421  400  383  379  387  395
  392  375  345  309  273  242  218  201  190  182  176  168  159  148  139  132
  123  113  104  101  101  101   96   89   82   75   66   60   67   91  123  154
  185  222  265  300  317  326  353  410  485
    10.0-180.0 180.0   5.0 450.0                            LAT/LON1/LON2/DLON/H
  478  545  594  635  677  717  747  771  802  836  845  798  702  601  543  534
  544  538  508  472  447  440  449  466  485  493  484  463  439  421  411  403
  393  378  355  324  290  258  233  214  201  190  181  172  159  144  133  124
  117  108  102  101  104  105  102   95   88   82   74   71   81  108  140  167
  190  221  264  304  324  332  354  406  478
     7.5-180.0 180.0   5.0 450.0                            LAT/LON1/LON2/DLON/H
  474  537  580  614  648  681  705  725  759  803  826  795  714  627  579  578
  591  585  551  509  480  471  482  504  527  541  537  516  484  451  421  398
  381  370  357  335  307  276  250  229  212  199  190  180  166  150  135  125
  118  112  107  108  112  115  112  105   98   92   86   86  100  130  162  184
  199  224  265  307  331  339  358  406  474
     5.0-180.0 180.0   5.0 450.0                            LAT/LON1/LON2/DLON/H
  477  534  571  595  617  637  649  659  687  735  772  763  707  642  612  621
  640  634  598  553  519  507  514  534  558  574  573  553  515  468  421  383
  363  358  356  345  323  295  268  244  224  210  201  195  183  165  148  136
  129  123  119  119  123  126  123  116  110  104  100  102  120  152  185  204
  212  231  268  311  337  348  367  412  477
     2.5-180.0 180.0   5.0 450.0                            LAT/LON1/LON2/DLON/H
  487  541  572  587  598  603  597  590  605  648  694  707  680  645  636  658
  682  679  645  600  563  544  544  556  575  590  590  570  530  473  413  367
  346  348  357  356  339  313  286  260  237  222  216  214  206  189  170  156
  148  141  136  133  134  135  132  126  120  115  112  116  136  170  204  222
  227  239  272  314  343  357  378  424  487
