data/电离层参数/2024-01-12/bcom0010.02i
     1.0            IONOSPHERE MAPS     GNSS                IONEX VERSION / TYPE
IRIS V2.0           IRIS                06-Sep-19 03:12     PGM / RUN BY / DATE 
BUAA'S GLOBAL IONOSPHERE MAPS FOR DAY 001, 2002             COMMENT             
Contact address: Cheng WANG, acheng@buaa.edu.cn             DESCRIPTION             
Web page:        http://ionosphere.cn                       DESCRIPTION             
  2002     1     1     0     0     0                        EPOCH OF FIRST MAP  
  2002     1     2     0     0     0                        EPOCH OF LAST MAP  
  3600                                                      INTERVAL            
    25                                                      # OF MAPS IN FILE   
Combination from  CODG, JPLG, ESAG, UPCG, CASG, WHUG, EMRG  OBSERVABLES USED    
     2                                                      MAP DIMENSION       
   450.0 450.0   0.0                                        HGT1 / HGT2 / DHGT  
    87.5 -87.5  -2.5                                        LAT1 / LAT2 / DLAT  
  -180.0 180.0   5.0                                        LON1 / LON2 / DLON  
TEC/RMS values in 0.1 TECU; 9999, if no value available     COMMENT             
  cod    -0.482     4.227                                   CENTER / BIAS / RMS
  jpl     2.133     4.785                                   CENTER / BIAS / RMS
  esa    -0.746    10.280                                   CENTER / BIAS / RMS
  upc    -0.331     6.144                                   CENTER / BIAS / RMS
  cas    -1.018     4.443                                   CENTER / BIAS / RMS
  whu    -0.846     4.406                                   CENTER / BIAS / RMS
  emr    -3.902    21.062                                   CENTER / BIAS / RMS
                                                            END OF HEADER       
[from data line 4290]
    11                                                      START OF TEC MAP    
  2002     1     1    10     0     0                        EPOCH OF CURRENT MAP
    87.5-180.0 180.0   5.0 450.0                            LAT/LON1/LON2/DLON/H
  106  108  111  116  120  124  125  126  124  122  120  120  121  121  121  122
  122  123  122  120  118  116  115  114  113  113  113  114  112  110  108  107
  106  107  108  108  107  106  104  103  101   99   97   93   91   88   86   85
   83   82   82   83   83   82   82   81   81   82   82   84   86   89   91   94
   96   96   96   96   96   98  100  103  106
    85.0-180.0 180.0   5.0 450.0                            LAT/LON1/LON2/DLON/H
  117  123  132  146  162  173  178  178  172  158  142  135  136  138  140  141
  144  147  144  138  132  129  127  126  126  126  129  132  131  125  119  117
  119  126  135  142  144  144  142  140  138  135  129  122  111  104   98   94
   89   86   86   89   93   94   92   91   93   96   96   96  101  109  119  126
  126  122  114  107  101  116  105  111  117
    82.5-180.0 180.0   5.0 450.0                            LAT/LON1/LON2/DLON/H
  117  124  133  146  160  171  176  178  176  165  151  142  141  140  139  139
  139  139  134  126  119  114  110  109  110  111  113  116  118  118  118  119
  122  129  138  146  151  153  153  152  150  147  141  133  123  114  106   98
   90   83   78   75   73   72   69   67   67   68   67   68   73   82   92  100
  103  101   99   95   93  109  101  109  117
    80.0-180.0 180.0   5.0 450.0                            LAT/LON1/LON2/DLON/H
  125  131  139  150  161  170  175  177  177  170  157  148  142  139  129  131
  128  124  116  112  106  102   99   99  104  101  102  106  112  120  124  129
  135  142  151  163  172  180  183  184  184  182  177  169  159  149  140  130
  120  109  100   92   85   80   74   70   67   63   61   63   69   78   87   95
  100  101  101  100  100  117  110  118  125
    77.5-180.0 180.0   5.0 450.0                            LAT/LON1/LON2/DLON/H
  133  138  144  151  160  167  172  175  175  170  159  146  137  129  118  115
  109  103   97   91  104   83   82   92  134   89   91   98  108  119  129  138
  148  160  175  192  209  223  232  237  238  236  230  223  213  202  192  180
  167  153  138  125  113  102   92   82   72   64   60   63   71   80   91  100
  106  109  110  111  112  117  122  128  133
    75.0-180.0 180.0   5.0 450.0                            LAT/LON1/LON2/DLON/H
  127  129  133  138  145  152  158  164  166  164  155  143  129  118  109  100
   94   89   84   79   80   72   73   75   78   79   81   86   95  105  117  130
  145  162  182  207  234  258  275  285  290  291  288  282  275  268  260  249
  236  222  207  191  174  158  140  118   98   82   73   73   78   86   95  102
  105  107  108  108  109  112  117  122  127
    72.5-180.0 180.0   5.0 450.0                            LAT/LON1/LON2/DLON/H
  124  125  125  127  130  136  142  147  151  152  149  141  128  114  100   89
   80   75   71   67   65   64   66   66   67   68   70   74   81   92  107  126
  147  173  202  233  266  294  316  331  341  347  350  351  352  351  350  344
  334  320  302  279  255  227  193  160  131  109   95   88   87   89   93   96
  100  104  107  111  114  117  120  123  124
    70.0-180.0 180.0   5.0 450.0                            LAT/LON1/LON2/DLON/H
  117  116  115  116  119  124  131  137  143  147  146  141  130  115  101   90
   79   74   71   69   69   71   72   72   70   67   65   65   68   77   92  114
  141  174  210  249  286  320  346  366  381  392  401  408  417  424  430  432
  428  417  398  372  340  301  255  209  170  140  120  106   98   94   92   91
   92   95  100  105  109  112  115  117  117
    67.5-180.0 180.0   5.0 450.0                            LAT/LON1/LON2/DLON/H
  109  109  108  111  115  121  128  133  140  143  144  140  130  117  104   92
   80   73   71   71   73   76   78   76   72   67   62   58   60   64   81  106
  140  181  225  270  312  350  380  404  423  439  451  467  483  500  514  523
  525  513  490  456  414  364  311  259  214  178  150  130  114  104   96   91
   90   91   95   99  103  106  108  109  109
    65.0-180.0 180.0   5.0 450.0                            LAT/LON1/LON2/DLON/H
  102  102  103  106  111  119  126  133  139  142  142  138  130  120  109   97
   87   82   81   83   86   90   91   87   80   70   60   53   49   55   70   99
  138  184  235  282  326  364  397  425  449  470  490  512  536  560  578  593
  599  590  564  526  477  422  364  308  258  216  183  156  134  117  102   92
   86   85   87   90   94   97  100  101  102
    62.5-180.0 180.0   5.0 450.0                            LAT/LON1/LON2/DLON/H
   98   98  100  103  109  116  124  132  138  142  142  139  133  127  116  107
  100   97   96   97  100  103  103   97   87   74   62   51   47   53   72  105
  148  197  249  298  342  382  416  446  473  499  524  551  580  609  635  650
  656  645  617  577  526  469  412  355  303  258  219  187  159  135  115  100
   89   83   81   84   87   92   95   98   98
    60.0-180.0 180.0   5.0 450.0                            LAT/LON1/LON2/DLON/H
   99   99  100  101  105  111  119  126  133  137  139  138  134  128  122  116
  112  110  109  109  111  111  108  100   87   72   58   48   46   57   83  123
  171  223  275  324  366  404  436  465  493  521  550  581  612  643  669  686
  689  675  649  610  562  509  454  400  349  302  260  222  189  159  134  114
   99   89   85   85   88   92   96   99   99
    57.5-180.0 180.0   5.0 450.0                            LAT/LON1/LON2/DLON/H
  104  103  100   99  101  104  110  117  124  130  133  133  133  130  127  125
  123  121  120  118  116  111  104   92   76   60   47   40   46   68  106  155
  210  265  316  361  400  434  464  492  522  553  584  617  649  677  699  711
  711  697  668  631  587  538  487  436  387  340  297  257  220  186  158  135
  117  104   98   96   97  100  103  105  104
    55.0-180.0 180.0   5.0 450.0                            LAT/LON1/LON2/DLON/H
  111  106  101   97   95   95   97  102  108  115  119  122  124  125  127  128
  128  126  122  117  110  101   90   75   58   44   36   39   56   93  142  201
  259  313  360  399  430  459  486  514  544  577  609  640  668  692  708  715
  711  697  672  636  597  554  508  462  415  370  326  285  245  211  182  157
  139  126  117  114  113  114  113  113  111
    52.5-180.0 180.0   5.0 450.0                            LAT/LON1/LON2/DLON/H
  118  111  104   97   91   88   87   90   94  100  105  109  114  118  122  126
  127  123  117  108   96   83   68   53   39   64   62   46   79  128  189  253
  314  364  404  435  460  482  506  531  561  593  625  654  680  700  711  713
  705  689  666  633  600  563  524  482  439  395  351  308  268  233  205  182
  164  151  143  136  132  129  126  123  118
    50.0-180.0 180.0   5.0 450.0                            LAT/LON1/LON2/DLON/H
  126  118  109  101   93   86   82   82   86   90   95  100  105  111  117  122
  123  119  111   97   81   63   46   64   54   49   40   60  106  168  239  309
  369  415  448  472  491  507  527  550  577  607  635  662  683  697  705  703
  693  676  654  629  599  569  535  496  454  411  366  322  282  248  221  201
  185  173  164  155  149  143  138  132  126
    47.5-180.0 180.0   5.0 450.0                            LAT/LON1/LON2/DLON/H
  133  127  119  110  100   91   84   82   83   87   90   95   99  105  112  117
  118  113  103   86   66   44   56   44   38   39   33   77  137  210  288  360
  418  459  487  505  519  533  550  570  593  617  640  661  678  689  691  687
  674  657  639  620  598  569  539  503  461  416  369  324  284  251  227  210
  197  187  178  169  161  153  145  139  133
    45.0-180.0 180.0   5.0 450.0                            LAT/LON1/LON2/DLON/H
  137  133  128  121  112  101   92   87   87   88   91   95   98  103  109  113
  114  109   98   81   59   47   45   49   56   35   46   98  167  245  325  395
  449  488  513  530  545  560  575  592  609  627  641  653  664  671  672  667
  656  641  624  609  593  569  541  504  462  415  367  322  282  249  223  206
  193  184  175  167  158  151  145  140  137
    42.5-180.0 180.0   5.0 450.0                            LAT/LON1/LON2/DLON/H
  136  138  138  134  126  114  103   96   94   95   96   99  101  104  109  112
  113  108   97   79   56   57   40   48   59   37   58  121  196  277  355  422
  473  509  534  554  572  589  606  623  637  645  649  653  657  660  659  654
  644  631  619  606  592  571  543  506  461  411  360  313  273  240  214  195
  182  172  164  156  148  142  137  135  136
    40.0-180.0 180.0   5.0 450.0                            LAT/LON1/LON2/DLON/H
  131  139  144  145  137  126  113  105  102  102  103  105  106  108  111  114
  113  109   99   82   59   63   45   70   67   47   75  144  222  301  373  434
  481  517  545  571  597  622  645  663  670  668  660  656  656  657  654  648
  640  631  624  617  606  587  555  515  467  414  361  313  272  237  208  186
  169  157  146  139  132  126  124  125  131
    37.5-180.0 180.0   5.0 450.0                            LAT/LON1/LON2/DLON/H
  123  133  142  147  143  133  121  112  108  108  109  111  113  114  116  116
  114  110  101   86   67   77   63   82   78   51   92  160  235  307  372  427
  476  517  554  591  627  662  694  712  716  705  690  677  669  663  656  647
  640  636  635  634  626  607  574  534  486  435  384  337  295  258  224  195
  171  152  137  127  120  115  114  116  123
    35.0-180.0 180.0   5.0 450.0                            LAT/LON1/LON2/DLON/H
  117  126  136  143  140  131  120  112  110  112  117  119  121  123  124  123
  120  114  105   90   70   82   66   90   84   46  101  171  244  313  376  434
  489  539  587  633  678  725  764  785  785  770  748  730  718  708  697  686
  678  675  678  678  669  646  607  566  521  473  427  384  344  307  269  233
  200  173  152  138  130  123  117  114  117
    32.5-180.0 180.0   5.0 450.0                            LAT/LON1/LON2/DLON/H
  121  123  129  132  130  122  112  106  106  110  117  121  126  131  133  132
  128  123  115   99   76   48   74   95   63   56  113  181  251  318  384  451
  516  580  638  690  745  804  849  873  874  857  833  814  799  786  772  759
  751  747  746  743  732  705  663  617  577  538  501  466  433  397  356  310
  266  227  198  179  166  154  141  128  121
    30.0-180.0 180.0   5.0 450.0                            LAT/LON1/LON2/DLON/H
  130  121  120  122  119  111  102   96   96  101  110  117  127  135  140  139
  133  128  120  107   86   59   86   75   55   74  129  194  259  322  389  462
  542  620  689  747  808  868  919  952  961  949  928  908  891  871  850  832
  822  821  823  823  811  783  743  695  660  631  603  577  550  517  473  420
  363  310  267  237  217  197  173  149  130
    27.5-180.0 180.0   5.0 450.0                            LAT/LON1/LON2/DLON/H
  157  134  124  120  115  106   97   90   89   93  101  111  124  137  143  141
  134  129  123  112   94   69   68   60   61   97  152  211  272  335  407  493
  590  684  760  819  872  928  984 1027 1048 1045 1033 1019 1002  976  946  921
  909  911  916  915  902  871  831  786  756  735  716  699  681  656  615  559
  492  426  369  328  298  268  233  192  157
    25.0-180.0 180.0   5.0 450.0                            LAT/LON1/LON2/DLON/H
  211  172  150  139  131  121  110  102   97   95   97  104  118  133  139  136
  128  123  119  111   96   77   64   63   84  125  178  236  295  362  443  543
  655  760  837  889  931  980 1038 1090 1123 1135 1136 1129 1113 1081 1043 1014
 1001 1003 1011 1009  991  957  916  880  849  834  822  812  801  785  753  699
  629  556  490  439  401  363  316  262  211
    22.5-180.0 180.0   5.0 450.0                            LAT/LON1/LON2/DLON/H
  282  232  202  186  175  162  148  134  122  110  102  102  113  125  130  125
  115  110  108  106   96   86   78   86  113  158  211  267  326  396  488  605
  732  842  912  949  972 1011 1068 1129 1175 1201 1213 1214 1201 1168 1129 1099
 1087 1089 1097 1091 1068 1031  991  959  931  918  906  897  891  883  858  811
  745  672  603  550  507  465  410  346  282
    20.0-180.0 180.0   5.0 450.0                            LAT/LON1/LON2/DLON/H
  363  311  278  262  251  237  218  196  172  146  122  110  111  117  117  108
   97   91   93   94   91   90   93  115  148  198  254  310  370  446  548  677
  816  929  993 1014 1015 1038 1088 1151 1205 1241 1267 1275 1262 1230 1191 1159
 1144 1143 1149 1142 1117 1081 1045 1017  988  969  951  934  927  923  908  872
  818  752  688  635  593  550  495  429  363
    17.5-180.0 180.0   5.0 450.0                            LAT/LON1/LON2/DLON/H
  437  392  365  354  351  339  317  288  253  207  160  128  115  109  102   89
   77   70   73   77   84   90  105  141  185  244  308  374  442  524  631  763
  902 1016 1082 1097 1089 1089 1111 1163 1223 1270 1303 1312 1297 1268 1235 1200
 1167 1147 1152 1148 1126 1096 1069 1049 1015  989  957  927  911  908  899  875
  835  783  727  679  638  599  550  493  437
    15.0-180.0 180.0   5.0 450.0                            LAT/LON1/LON2/DLON/H
  503  466  447  444  443  429  402  365  318  261  199  155  130  114   98   78
   60   64   68   60   72   84  109  156  208  273  339  403  470  550  655  782
  912 1013 1064 1062 1041 1039 1065 1119 1181 1226 1254 1266 1261 1248 1225 1195
 1162 1135 1126 1116 1091 1067 1050 1039 1023  983  938  892  860  847  841  829
  800  758  711  675  648  624  592  549  503
    12.5-180.0 180.0   5.0 450.0                            LAT/LON1/LON2/DLON/H
  539  516  505  507  509  497  469  433  385  322  252  195  155  128  105   82
   77   81   84   81   93   93  124  169  229  295  364  437  508  585  671  768
  870  957 1008 1014  997  997 1027 1080 1132 1166 1184 1195 1201 1194 1174 1144
 1109 1080 1066 1056 1035 1015 1005 1000  987  951  903  852  809  786  775  764
  743  709  673  644  625  611  594  569  539
    10.0-180.0 180.0   5.0 450.0                            LAT/LON1/LON2/DLON/H
  551  542  548  564  575  568  538  492  434  365  293  233  188  151  117   81
   67   51   62   56   69   91  114  172  247  323  395  462  528  600  683  777
  872  952  991  989  977  991 1033 1082 1118 1140 1152 1160 1160 1145 1120 1094
 1067 1045 1027 1012  995  987  989  990  974  929  863  797  743  713  703  697
  682  654  623  599  586  582  578  567  551
     7.5-180.0 180.0   5.0 450.0                            LAT/LON1/LON2/DLON/H
  530  531  545  567  583  580  554  512  460  398  333  274  225  183  142  101
   81   57   65   79   94   85  112  174  256  340  421  492  556  620  687  762
  837  912  956  971  981 1008 1048 1086 1109 1118 1124 1126 1118 1096 1067 1038
 1012  990  971  956  948  945  950  955  941  896  828  762  704  666  647  638
  623  600  573  551  537  533  535  534  530
     5.0-180.0 180.0   5.0 450.0                            LAT/LON1/LON2/DLON/H
  493  499  518  544  564  569  555  525  485  435  379  324  275  230  184  136
   89   61   39   63   75   65  111  191  278  358  429  493  553  615  685  762
  838  900  938  961  984 1017 1056 1087 1103 1110 1116 1117 1103 1073 1037 1006
  980  956  933  914  907  914  928  939  928  887  822  749  680  628  603  594
  585  565  541  517  497  490  493  495  493
     2.5-180.0 180.0   5.0 450.0                            LAT/LON1/LON2/DLON/H
  444  444  457  478  497  505  501  486  466  441  401  356  313  269  226  180
  132   88   66   72   75   69  126  209  296  374  445  509  568  621  676  735
  794  848  895  937  976 1015 1051 1077 1088 1093 1099 1097 1074 1037  998  963
  936  910  885  866  862  870  883  891  885  858  809  749  687  633  601  586
  573  550  524  498  476  460  456  451  444
