data/电离层参数/2024-01-12/bcom0010.02i
     1.0            IONOSPHERE MAPS     GNSS                IONEX VERSION / TYPE
IRIS V2.0           IRIS                06-Sep-19 03:12     PGM / RUN BY / DATE 
BUAA'S GLOBAL IONOSPHERE MAPS FOR DAY 001, 2002             COMMENT             
Contact address: Cheng WANG, acheng@buaa.edu.cn             DESCRIPTION             
Web page:        http://ionosphere.cn                       DESCRIPTION             
  2002     1     1     0     0     0                        EPOCH OF FIRST MAP  
  2002     1     2     0     0     0                        EPOCH OF LAST MAP  
  3600                                                      INTERVAL            
    25                                                      # OF MAPS IN FILE   
Combination from  CODG, JPLG, ESAG, UPCG, CASG, WHUG, EMRG  OBSERVABLES USED    
     2                                                      MAP DIMENSION       
   450.0 450.0   0.0                                        HGT1 / HGT2 / DHGT  
    87.5 -87.5  -2.5                                        LAT1 / LAT2 / DLAT  
  -180.0 180.0   5.0                                        LON1 / LON2 / DLON  
TEC/RMS values in 0.1 TECU; 9999, if no value available     COMMENT             
  cod    -0.482     4.227                                   CENTER / BIAS / RMS
  jpl     2.133     4.785                                   CENTER / BIAS / RMS
  esa    -0.746    10.280                                   CENTER / BIAS / RMS
  upc    -0.331     6.144                                   CENTER / BIAS / RMS
  cas    -1.018     4.443                                   CENTER / BIAS / RMS
  whu    -0.846     4.406                                   CENTER / BIAS / RMS
  emr    -3.902    21.062                                   CENTER / BIAS / RMS
                                                            END OF HEADER       
[from data line 858]
     3                                                      START OF TEC MAP    
  2002     1     1     2     0     0                        EPOCH OF CURRENT MAP
    87.5-180.0 180.0   5.0 450.0                            LAT/LON1/LON2/DLON/H
  114  177  190  226  229  192  146  167  253  138  126  126  118  114  111  114
  115  123  137  156  177  194  202  199  192  178  165  152  141  133  128  105
  106   96  146  159  195  207  167  165  140  100   91   91   94   96   96   95
   91   84   75   64   58   61   78  109  153  199  238  261  269  258  239  215
  194  174  161  149  140  135  110  114  114
    85.0-180.0 180.0   5.0 450.0                            LAT/LON1/LON2/DLON/H
  194  197  199  207  221  231  226  217  216  213  211  220  272  203  200  197
  194  206  206  197  198  198  197  192  185  176  166  158  153  142  136  129
  121  129  130  136  135  129  110  109  100   97   97   99  101  101  103  103
  102  101   99   97  111   99  105  116  132  150  167  180  188  192  194  194
  194  194  195  196  195  190  186  196  194
    82.5-180.0 180.0   5.0 450.0                            LAT/LON1/LON2/DLON/H
  228  231  230  212  233  239  241  240  234  227  225  226  238  233  231  225
  216  210  204  200  198  199  198  196  189  177  165  154  146  137  127  119
  111  108  108  107  103   97   91   86   83   83   87   90   92   91   91   91
   91   91   92  100  101   95   99  107  118  132  146  157  167  176  184  193
  201  209  217  223  223  217  207  202  228
    80.0-180.0 180.0   5.0 450.0                            LAT/LON1/LON2/DLON/H
  198  195  195  197  187  187  226  221  218  217  195  174  167  169  172  175
  181  197  210  213  205  195  183  171  159  140  128  119  106   95  109  113
  129  144  152  144  131  116   96   90   91   89   92   93   94   93   92   88
   83   78   72  105  108   83  105  136  174  218  260  296  321  337  339  332
  317  297  276  255  237  223  211  203  198
    77.5-180.0 180.0   5.0 450.0                            LAT/LON1/LON2/DLON/H
  272  265  260  258  257  251  232  245  231  220  215  214  208  201  200  207
  216  224  222  214  204  196  188  175  163  149  134  121  120  115  116  120
  125  127  125  120  118  112  107  113  113  116  120  123  123  121  117  113
  109  106  106  108  113  123  139  161  189  220  251  276  298  316  329  339
  343  343  338  329  319  306  292  280  272
    75.0-180.0 180.0   5.0 450.0                            LAT/LON1/LON2/DLON/H
  350  344  338  336  328  308  282  253  224  207  200  195  189  186  188  195
  204  212  214  209  200  195  192  187  176  160  146  137  133  131  127  122
  118  118  119  123  129  136  145  151  156  161  165  167  165  160  153  146
  142  141  143  146  151  158  167  176  190  207  225  239  251  265  283  302
  324  345  360  372  378  377  368  358  350
    72.5-180.0 180.0   5.0 450.0                            LAT/LON1/LON2/DLON/H
  436  423  407  387  359  325  288  251  217  192  178  169  170  168  172  179
  188  197  203  202  196  188  178  166  153  138  127  120  117  117  119  122
  126  132  140  148  156  163  174  177  182  186  188  188  185  181  175  169
  164  160  160  162  169  180  194  209  227  249  273  296  318  338  358  379
  401  419  433  444  451  453  451  444  436
    70.0-180.0 180.0   5.0 450.0                            LAT/LON1/LON2/DLON/H
  512  504  488  463  427  383  334  284  236  199  174  159  150  149  153  163
  175  187  198  204  205  201  193  182  169  155  143  134  129  130  134  143
  155  170  186  199  211  220  225  228  229  228  226  221  215  208  198  189
  180  171  167  166  170  182  198  216  239  265  294  323  351  375  399  421
  442  461  476  489  499  507  513  514  512
    67.5-180.0 180.0   5.0 450.0                            LAT/LON1/LON2/DLON/H
  557  549  532  505  466  417  362  304  251  207  176  156  144  141  145  154
  167  183  195  205  210  209  204  195  184  174  166  160  158  160  166  177
  190  207  223  237  245  253  250  248  245  241  235  227  217  206  193  178
  165  153  146  145  152  169  190  215  246  283  321  359  393  424  451  475
  497  515  527  538  547  554  559  560  557
    65.0-180.0 180.0   5.0 450.0                            LAT/LON1/LON2/DLON/H
  585  578  564  540  503  455  400  341  284  235  195  166  148  139  140  147
  160  176  191  204  213  218  216  212  205  199  194  191  188  189  193  201
  213  226  238  248  254  252  249  245  239  232  224  214  203  189  173  155
  139  126  119  118  128  150  179  214  255  300  348  392  430  464  493  519
  541  557  567  575  580  585  586  587  585
    62.5-180.0 180.0   5.0 450.0                            LAT/LON1/LON2/DLON/H
  608  605  593  571  536  488  431  371  311  257  212  177  154  142  140  146
  157  172  187  200  212  220  224  223  221  218  215  213  210  209  210  214
  223  230  238  242  244  238  232  225  217  209  199  189  176  160  141  121
  108   86   78   89  104  121  161  208  263  319  374  423  467  504  535  562
  582  596  602  605  606  607  608  608  608
    60.0-180.0 180.0   5.0 450.0                            LAT/LON1/LON2/DLON/H
  617  614  608  590  558  513  458  399  340  284  235  196  167  151  144  145
  153  165  178  190  203  213  220  224  225  226  225  224  219  215  212  210
  210  211  212  212  209  203  196  188  180  172  164  153  140  123  102   80
   62   44   44   52   74   97  148  209  274  340  402  456  502  541  573  599
  618  628  630  629  622  617  615  616  617
    57.5-180.0 180.0   5.0 450.0                            LAT/LON1/LON2/DLON/H
  620  622  613  596  565  522  470  414  358  304  255  214  183  162  151  148
  151  158  166  175  184  194  203  209  212  214  214  212  206  200  193  187
  180  176  172  169  164  160  155  148  142  135  128  118  104   87   66   46
   42   50   40   50   60   87  155  228  304  378  445  501  546  581  609  632
  649  657  656  647  637  626  619  618  620
    55.0-180.0 180.0   5.0 450.0                            LAT/LON1/LON2/DLON/H
  630  635  632  611  580  537  486  431  377  323  274  230  196  171  156  149
  148  151  155  159  164  170  177  185  191  195  197  195  190  183  176  166
  157  148  140  134  131  128  126  122  118  113  107   97   83   64   41   43
   46   63   51   45   59  104  180  265  348  427  496  552  595  627  654  677
  692  698  692  675  654  638  627  625  630
    52.5-180.0 180.0   5.0 450.0                            LAT/LON1/LON2/DLON/H
  646  651  648  627  596  553  504  453  400  348  298  253  217  188  169  159
  154  152  150  147  145  146  150  156  162  167  170  171  167  162  155  145
  135  126  118  112  110  110  110  109  107  105  100   91   77   58   43   53
   82   71   60   46   72  141  225  314  401  481  548  600  637  665  687  708
  723  726  716  696  671  651  640  640  646
    50.0-180.0 180.0   5.0 450.0                            LAT/LON1/LON2/DLON/H
  661  670  670  654  617  576  529  480  430  380  331  285  244  213  190  176
  167  159  151  140  129  121  119  121  126  132  136  139  138  136  132  127
  121  115  110  107  105  105  105  104  103  103   99   90   77   58   50   66
  102   70   55   53  110  186  273  363  448  526  592  640  672  693  713  729
  739  741  731  710  684  660  649  651  661
    47.5-180.0 180.0   5.0 450.0                            LAT/LON1/LON2/DLON/H
  683  695  698  686  654  617  573  526  477  426  374  324  279  243  217  201
  191  182  168  149  128  108   95   90   95  101  110  115  117  118  119  118
  118  117  114  113  111  111  110  108  108  107  104   96   84   68   55   94
   86   72   52   96  158  235  320  405  488  564  628  674  704  725  739  749
  756  756  747  728  702  680  668  670  683
    45.0-180.0 180.0   5.0 450.0                            LAT/LON1/LON2/DLON/H
  706  722  729  720  698  663  623  579  530  477  422  368  320  280  252  236
  229  221  207  183  152  120   95   82   81   88   98  106  111  114  118  123
  127  129  129  130  129  128  125  123  121  118  113  105   93   79   69   85
   79   66   87  134  197  271  352  435  518  595  660  706  738  755  763  767
  769  767  757  739  716  695  686  692  706
    42.5-180.0 180.0   5.0 450.0                            LAT/LON1/LON2/DLON/H
  718  736  748  745  729  699  664  623  575  521  463  407  356  313  283  269
  265  263  253  230  195  156  121  100   94   98  107  115  121  126  132  138
  146  150  152  153  153  151  146  140  135  128  119  108   94   81   73   74
   76   80  114  165  230  303  381  462  544  623  689  740  774  790  795  795
  792  786  772  751  725  702  693  701  718
    40.0-180.0 180.0   5.0 450.0                            LAT/LON1/LON2/DLON/H
  720  739  752  755  745  726  694  656  609  554  496  437  383  337  305  291
  292  298  296  280  246  203  163  136  126  126  131  137  142  146  152  160
  167  172  173  173  172  169  162  153  143  131  117  102   86   76   77   76
   80   94  134  189  255  326  400  480  562  643  715  775  816  836  842  841
  834  822  804  776  743  715  700  703  720
    37.5-180.0 180.0   5.0 450.0                            LAT/LON1/LON2/DLON/H
  719  727  735  741  744  744  730  707  667  612  549  484  423  371  334  317
  319  332  341  335  306  261  216  183  166  162  165  168  171  176  183  192
  196  196  192  187  184  180  173  163  150  134  117   99   84   85   85   93
  105  123  161  210  266  328  397  473  558  645  730  803  855  885  896  894
  883  862  834  799  765  737  720  714  719
    35.0-180.0 180.0   5.0 450.0                            LAT/LON1/LON2/DLON/H
  728  723  724  726  727  724  709  683  644  593  535  476  420  368  330  313
  320  340  359  361  340  300  258  227  209  203  200  199  199  201  206  210
  211  206  200  193  191  188  180  167  150  130  107   82   60   70   72   74
   97  127  175  233  296  363  437  518  609  705  802  887  949  988 1007 1012
 1002  979  942  894  843  797  763  740  728
    32.5-180.0 180.0   5.0 450.0                            LAT/LON1/LON2/DLON/H
  745  714  695  686  685  688  684  665  634  590  539  484  430  379  337  315
  316  338  363  376  364  333  296  266  248  237  232  229  229  232  236  237
  231  219  206  195  190  186  178  165  148  126  102   75   70   71   78   80
  106  152  203  263  325  391  465  549  644  748  860  958 1032 1082 1112 1124
 1117 1091 1046  990  931  876  828  785  745
    30.0-180.0 180.0   5.0 450.0                            LAT/LON1/LON2/DLON/H
  788  728  686  663  652  648  645  628  604  569  527  481  433  384  342  315
  312  333  361  379  375  353  323  297  279  268  262  259  261  266  270  266
  252  231  212  197  191  187  179  166  148  126   99   71   65   69   80   91
  124  175  230  291  354  424  502  592  695  811  934 1042 1126 1187 1229 1251
 1250 1223 1174 1112 1047  985  924  858  788
    27.5-180.0 180.0   5.0 450.0                            LAT/LON1/LON2/DLON/H
  853  766  699  656  631  616  607  593  577  553  522  486  445  400  355  323
  314  330  358  378  381  366  343  321  303  292  287  288  295  305  309  301
  280  251  223  205  197  192  185  173  155  133  106   77   87   80   77  113
  151  205  261  322  386  459  542  639  749  877 1006 1121 1210 1279 1331 1362
 1365 1338 1288 1225 1163 1102 1033  948  853
    25.0-180.0 180.0   5.0 450.0                            LAT/LON1/LON2/DLON/H
  939  834  747  681  636  603  582  568  552  538  519  494  461  420  375  339
  324  333  355  374  379  370  353  335  320  310  307  314  329  345  351  340
  312  274  240  219  210  204  196  186  169  146  119   95   81  137   95  118
  175  232  290  350  418  495  584  687  801  936 1066 1178 1265 1334 1389 1424
 1431 1406 1358 1305 1255 1204 1139 1047  939
    22.5-180.0 180.0   5.0 450.0                            LAT/LON1/LON2/DLON/H
 1034  926  827  744  675  621  580  556  538  529  519  504  480  445  404  366
  345  345  357  369  373  369  358  345  331  323  325  339  365  388  396  383
  348  303  263  239  229  223  216  205  188  165  135  109   82  117  104  134
  193  252  312  374  447  530  624  731  850  981 1099 1194 1266 1323 1373 1411
 1421 1404 1369 1332 1302 1272 1221 1139 1034
    20.0-180.0 180.0   5.0 450.0                            LAT/LON1/LON2/DLON/H
 1121 1023  925  832  747  672  609  569  544  533  528  520  504  476  439  402
  376  366  366  369  369  366  361  352  342  336  343  366  401  432  442  427
  388  338  293  267  256  249  242  230  211  183  149  120   92   96  112  144
  203  264  327  395  473  561  657  761  874  987 1082 1154 1201 1241 1282 1320
 1339 1335 1318 1305 1302 1297 1270 1209 1121
    17.5-180.0 180.0   5.0 450.0                            LAT/LON1/LON2/DLON/H
 1200 1121 1032  936  838  744  664  605  572  556  551  548  539  521  492  459
  428  405  390  380  374  373  372  368  362  358  365  390  428  459  466  446
  406  359  317  292  282  276  272  263  244  214  178  147  118  115  127  159
  213  272  338  411  492  576  661  747  836  923  995 1046 1079 1107 1143 1185
 1218 1235 1243 1257 1277 1297 1296 1263 1200
    15.0-180.0 180.0   5.0 450.0                            LAT/LON1/LON2/DLON/H
 1194 1150 1094 1021  935  844  758  688  644  612  596  585  568  545  514  479
  447  421  402  389  382  382  384  383  380  383  402  441  492  528  530  502
  458  411  372  350  336  325  310  285  248  199  146  105   74   63   85  134
  197  267  340  420  505  586  663  737  816  885  937  968  980  989 1009 1037
 1061 1077 1094 1121 1159 1199 1223 1221 1194
    12.5-180.0 180.0   5.0 450.0                            LAT/LON1/LON2/DLON/H
 1158 1148 1126 1085 1019  938  857  789  736  693  668  646  623  593  557  517
  479  449  428  415  411  412  414  413  413  421  446  491  544  574  566  530
  488  449  420  398  383  368  343  307  256  194  134   83   53   61   90  120
  185  258  336  421  504  576  639  699  763  814  847  864  865  865  875  895
  920  945  975 1015 1060 1102 1136 1155 1158
    10.0-180.0 180.0   5.0 450.0                            LAT/LON1/LON2/DLON/H
 1123 1136 1138 1120 1072 1003  929  860  802  759  729  701  672  642  609  573
  538  506  481  460  447  443  442  441  442  448  465  494  525  534  511  467
  425  395  381  381  382  377  359  325  276  218  161  113   81   83   93  141
  205  279  355  433  506  565  613  661  713  756  782  791  788  786  795  816
  843  870  904  946  993 1037 1075 1103 1123
     7.5-180.0 180.0   5.0 450.0                            LAT/LON1/LON2/DLON/H
 1058 1087 1110 1117 1096 1053  998  937  878  832  795  760  724  687  650  613
  579  553  533  519  508  503  496  491  490  493  505  525  543  540  507  460
  421  401  399  406  409  401  378  341  289  228  168  120  108   86  113  166
  235  311  386  457  517  560  594  633  681  722  746  754  753  755  769  795
  827  855  884  916  948  976 1002 1030 1058
     5.0-180.0 180.0   5.0 450.0                            LAT/LON1/LON2/DLON/H
 1018 1058 1094 1112 1107 1081 1042  996  947  899  851  800  745  695  657  632
  618  607  595  580  566  558  554  550  545  541  537  534  522  493  452  414
  395  397  409  422  428  419  391  342  277  208  146  101   78   83  121  186
  267  347  420  483  532  563  584  608  644  683  712  725  731  747  781  827
  871  903  922  937  947  954  964  984 1018
     2.5-180.0 180.0   5.0 450.0                            LAT/LON1/LON2/DLON/H
  998 1017 1044 1067 1078 1077 1066 1042 1008  970  932  888  835  778  726  687
  666  668  682  697  702  687  658  629  609  597  588  580  563  533  493  457
  439  437  444  448  440  417  378  328  268  202  139   95   77   93  145  220
  301  374  432  474  498  503  511  545  603  659  697  716  737  780  851  935
 1012 1059 1069 1057 1034 1005  987  987  998
