data/电离层参数/2024-01-12/bcom0010.02i
     1.0            IONOSPHERE MAPS     GNSS                IONEX VERSION / TYPE
IRIS V2.0           IRIS                06-Sep-19 03:12     PGM / RUN BY / DATE 
BUAA'S GLOBAL IONOSPHERE MAPS FOR DAY 001, 2002             COMMENT             
Contact address: Cheng WANG, acheng@buaa.edu.cn             DESCRIPTION             
Web page:        http://ionosphere.cn                       DESCRIPTION             
  2002     1     1     0     0     0                        EPOCH OF FIRST MAP  
  2002     1     2     0     0     0                        EPOCH OF LAST MAP  
  3600                                                      INTERVAL            
    25                                                      # OF MAPS IN FILE   
Combination from  CODG, JPLG, ESAG, UPCG, CASG, WHUG, EMRG  OBSERVABLES USED    
     2                                                      MAP DIMENSION       
   450.0 450.0   0.0                                        HGT1 / HGT2 / DHGT  
    87.5 -87.5  -2.5                                        LAT1 / LAT2 / DLAT  
  -180.0 180.0   5.0                                        LON1 / LON2 / DLON  
TEC/RMS values in 0.1 TECU; 9999, if no value available     COMMENT             
  cod    -0.482     4.227                                   CENTER / BIAS / RMS
  jpl     2.133     4.785                                   CENTER / BIAS / RMS
  esa    -0.746    10.280                                   CENTER / BIAS / RMS
  upc    -0.331     6.144                                   CENTER / BIAS / RMS
  cas    -1.018     4.443                                   CENTER / BIAS / RMS
  whu    -0.846     4.406                                   CENTER / BIAS / RMS
  emr    -3.902    21.062                                   CENTER / BIAS / RMS
                                                            END OF HEADER       
[from data line 2574]
     7                                                      START OF TEC MAP    
  2002     1     1     6     0     0                        EPOCH OF CURRENT MAP
    87.5-180.0 180.0   5.0 450.0                            LAT/LON1/LON2/DLON/H
  172  169  171  178  180  177  175  172  166  162  160  149  139  137  138  143
  153  163  170  170  166  159  152  145  143  146  148  157  158  156  156  158
  159  157  155  151  147  145  145  147  152  155  156  156  160  168  177  185
  192  196  199  198  197  197  196  193  189  179  162  177  174  172  170  158
  170  173  171  174  185  182  176  173  172
    85.0-180.0 180.0   5.0 450.0                            LAT/LON1/LON2/DLON/H
  141  141  142  146  146  144  144  143  142  141  141  141  140  140  142  144
  147  151  154  153  152  150  148  147  146  151  152  154  157  158  157  155
  153  154  153  155  184  152  153  157  160  162  164  175  173  181  190  197
  205  211  215  218  219  219  218  216  213  207  198  200  195  189  183  172
  172  167  163  159  155  150  149  144  141
    82.5-180.0 180.0   5.0 450.0                            LAT/LON1/LON2/DLON/H
  129  130  133  141  144  142  140  139  136  132  132  135  135  135  136  138
  143  149  152  149  142  135  128  126  125  127  131  134  135  133  131  133
  136  131  130  129  125  125  128  131  133  134  135  137  145  158  175  193
  210  225  238  245  247  247  248  248  247  238  218  238  231  223  213  186
  190  186  179  173  167  158  145  135  129
    80.0-180.0 180.0   5.0 450.0                            LAT/LON1/LON2/DLON/H
  121  118  122  136  140  138  135  133  129  125  128  135  139  140  141  143
  148  153  153  146  140  131  123  119  118  121  123  124  125  124  125  124
  134  123  121  116  113  115  118  121  120  119  117  120  126  139  159  182
  208  232  252  265  270  269  271  275  276  268  244  225  267  257  201  207
  212  207  197  186  177  162  143  129  121
    77.5-180.0 180.0   5.0 450.0                            LAT/LON1/LON2/DLON/H
  106  101  102  108  112  113  113  115  117  118  123  128  132  134  135  137
  138  138  135  129  123  117  113  110  110  109  103  110  110  111  113  115
  116  116  115  112  110  109  110  109  109  110  114  121  134  151  173  200
  229  256  281  301  316  325  333  341  344  340  327  311  297  282  269  257
  245  227  207  187  168  149  130  115  106
    75.0-180.0 180.0   5.0 450.0                            LAT/LON1/LON2/DLON/H
  114  108  105  108  109  111  113  115  117  120  124  129  132  133  134  134
  134  132  127  120  113  107  102   98   96   97   99  102  106  110  114  118
  120  120  120  117  114  112  110  109  107  108  110  117  128  145  167  194
  225  257  287  315  339  359  375  389  398  400  395  384  371  354  336  315
  293  267  239  213  188  164  143  126  114
    72.5-180.0 180.0   5.0 450.0                            LAT/LON1/LON2/DLON/H
  124  116  114  116  119  120  121  122  123  124  127  131  132  133  132  132
  132  130  124  116  108  101   96   93   92   94   96  102  109  116  122  126
  128  127  125  121  116  112  106  105  102   98  103  112  129  150  179  215
  254  293  331  366  396  422  442  459  472  476  471  460  444  424  400  373
  342  308  273  240  209  181  156  137  124
    70.0-180.0 180.0   5.0 450.0                            LAT/LON1/LON2/DLON/H
  131  118  111  110  110  110  111  111  112  115  120  127  131  133  133  133
  133  131  122  112  103   96   90   89   91   95  102  111  120  129  136  139
  138  134  128  120  111  104   99   94   92   92   98  109  125  147  178  216
  259  303  345  384  417  445  466  486  505  514  510  500  487  468  446  420
  388  352  314  277  241  207  176  151  131
    67.5-180.0 180.0   5.0 450.0                            LAT/LON1/LON2/DLON/H
  149  133  123  116  113  111  110  111  112  116  120  125  129  130  130  130
  127  122  114  106  100   96   94   95  100  106  115  127  138  149  156  158
  155  147  137  125  111   99   89   85   80   83   93  108  131  161  200  245
  295  347  396  440  479  512  534  557  575  586  585  577  560  536  506  472
  432  387  344  301  262  227  196  170  149
    65.0-180.0 180.0   5.0 450.0                            LAT/LON1/LON2/DLON/H
  159  142  130  121  115  112  110  111  113  115  118  122  125  126  127  126
  124  120  114  109  105  103  104  108  114  122  135  147  161  173  180  180
  172  158  140  121  101   84   72   64   64   72   87  111  143  184  234  289
  347  405  459  507  551  587  617  640  658  668  664  653  632  601  562  518
  468  416  365  318  275  238  206  180  159
    62.5-180.0 180.0   5.0 450.0                            LAT/LON1/LON2/DLON/H
  169  152  138  127  119  113  110  109  110  111  114  117  119  120  121  121
  119  117  114  113  113  116  120  125  132  142  154  167  181  192  196  191
  178  158  134  110   86   68   56   53   58   72   94  126  168  218  275  338
  401  463  520  568  611  648  678  702  718  726  724  709  684  648  604  551
  495  437  381  331  285  247  216  190  169
    60.0-180.0 180.0   5.0 450.0                            LAT/LON1/LON2/DLON/H
  177  160  144  131  119  111  106  104  103  105  106  109  112  114  115  116
  117  118  118  119  124  130  136  143  151  164  171  182  193  199  198  189
  170  147  119   93   71   55   48   51   61   82  110  147  193  248  312  381
  450  516  574  623  664  698  725  746  759  763  758  741  713  671  623  568
  509  448  391  338  292  253  222  197  177
    57.5-180.0 180.0   5.0 450.0                            LAT/LON1/LON2/DLON/H
  188  170  154  138  125  114  106  101   99   98   99  100  101  103  104  106
  107  109  112  117  123  130  138  145  153  160  169  177  184  185  179  166
  146  123   97   75   57   48   49   58   75  100  133  173  221  280  347  419
  491  558  616  664  701  731  755  772  783  785  778  759  730  690  639  585
  526  467  409  355  307  267  234  208  188
    55.0-180.0 180.0   5.0 450.0                            LAT/LON1/LON2/DLON/H
  197  178  160  142  127  114  107  102  100   99   99   99   99  101  102  103
  105  108  111  116  122  129  137  144  151  156  161  166  169  168  160  143
  118   89   59   33   39   36   27   51   85  128  175  227  286  350  421  495
  566  631  685  728  761  788  810  825  832  832  823  804  773  731  681  621
  558  493  429  370  318  275  242  218  197
    52.5-180.0 180.0   5.0 450.0                            LAT/LON1/LON2/DLON/H
  219  198  177  158  140  127  118  112  109  107  106  105  104  103  102  102
  101  101  101  104  108  114  121  128  134  137  141  143  144  141  133  117
   94   68   41   46   71   51   39   74  118  167  220  275  334  399  469  543
  613  677  728  767  797  820  836  849  855  855  845  826  797  758  709  653
  592  528  465  404  349  304  269  241  219
    50.0-180.0 180.0   5.0 450.0                            LAT/LON1/LON2/DLON/H
  242  218  194  172  153  139  129  125  121  119  116  113  110  108  105  103
  100   97   95   95   97  101  106  112  118  122  124  123  120  115  105   90
   70   44   42   61   79   45   48   98  157  221  285  348  409  472  535  598
  657  707  748  780  801  816  827  835  839  836  829  813  788  755  717  673
  618  560  498  437  381  333  296  266  242
    47.5-180.0 180.0   5.0 450.0                            LAT/LON1/LON2/DLON/H
  272  245  219  193  172  156  146  141  137  133  128  124  118  114  109  104
   99   92   85   80   77   78   83   90   98  104  106  105  101   95   86   74
   55   32   54   87   87   54   66  127  198  273  345  411  471  526  577  628
  675  716  755  779  793  800  806  810  814  813  807  795  775  747  714  679
  637  588  532  473  418  370  331  299  272
    45.0-180.0 180.0   5.0 450.0                            LAT/LON1/LON2/DLON/H
  289  260  232  206  183  168  159  154  150  146  140  134  128  122  117  112
  105   97   87   78   71   70   73   82   91   98   99   94   87   80   72   60
   45   35   76   98  100   42   91  161  240  320  394  458  513  559  603  645
  683  719  745  759  766  770  775  780  784  785  781  774  760  741  715  685
  651  604  551  493  437  388  348  317  289
    42.5-180.0 180.0   5.0 450.0                            LAT/LON1/LON2/DLON/H
  304  275  245  218  195  180  171  165  161  156  150  143  136  130  124  119
  112  102   89   76   66   63   66   78   90   99  100   94   85   75   67   57
   43   38   87  110  113   54  111  185  269  354  431  495  544  584  618  648
  678  706  724  734  740  743  748  753  757  758  755  749  738  722  703  677
  649  610  563  510  456  407  366  333  304
    40.0-180.0 180.0   5.0 450.0                            LAT/LON1/LON2/DLON/H
  304  275  245  219  199  186  177  172  167  162  156  149  142  136  129  125
  120  112  100   87   76   72   75   89  103  114  115  105   91   78   67   54
   38   54  113  118   70   60  123  204  294  387  470  534  580  614  638  659
  691  716  733  743  748  753  757  762  764  762  758  749  736  719  698  672
  641  607  563  513  461  411  369  334  304
    37.5-180.0 180.0   5.0 450.0                            LAT/LON1/LON2/DLON/H
  300  269  238  213  195  184  177  173  169  165  160  155  148  140  134  130
  126  120  110   97   87   81   85  101  118  130  130  116   97   79   64   46
   37   67  113  117   48   64  133  220  317  416  501  565  610  639  659  685
  718  742  760  773  783  791  797  801  802  800  792  781  764  740  714  684
  649  609  567  519  467  416  371  334  300
    35.0-180.0 180.0   5.0 450.0                            LAT/LON1/LON2/DLON/H
  297  262  231  208  192  183  177  172  167  164  161  158  153  146  139  136
  134  130  123  115  106  101  104  121  138  148  146  129  106   84   65   44
   42   50  105  109   51   68  139  229  331  435  520  586  632  662  683  727
  771  805  833  854  872  885  892  894  890  881  866  846  821  786  750  710
  667  616  569  525  475  424  377  335  297
    32.5-180.0 180.0   5.0 450.0                            LAT/LON1/LON2/DLON/H
  300  261  229  206  193  185  178  171  166  163  163  163  161  156  151  148
  147  144  138  129  121  119  126  143  162  174  168  145  115   87   63   50
   58   68   91   95   41   86  161  250  352  455  548  623  675  711  740  774
  805  836  868  903  938  968  989 1001 1003  993  972  939  899  856  810  763
  714  662  607  551  495  440  388  342  300
    30.0-180.0 180.0   5.0 450.0                            LAT/LON1/LON2/DLON/H
  318  275  240  215  201  192  184  174  165  163  166  170  170  167  162  159
  159  158  153  147  142  141  150  165  183  191  180  153  118   86   58   46
   58   53   77   56   46   98  176  268  372  479  579  660  718  760  801  845
  886  929  975 1026 1074 1113 1137 1149 1148 1134 1103 1059 1008  955  897  839
  779  716  651  587  527  468  412  363  318
    27.5-180.0 180.0   5.0 450.0                            LAT/LON1/LON2/DLON/H
  358  311  269  239  219  206  193  179  169  166  170  178  181  179  176  174
  173  173  169  164  162  165  173  186  201  205  189  157  117   83   54   42
   63   58   55   61   47  117  196  287  390  501  609  700  768  820  871  919
  966 1021 1080 1147 1209 1256 1283 1295 1293 1275 1237 1183 1120 1058  992  926
  857  786  717  644  578  514  455  404  358
    25.0-180.0 180.0   5.0 450.0                            LAT/LON1/LON2/DLON/H
  423  373  323  283  253  232  213  194  180  175  180  187  192  192  189  188
  187  184  181  178  180  184  191  201  210  208  188  153  113   79   51   41
   66   68   63   67   63  139  221  312  416  529  642  740  815  876  940  997
 1052 1114 1183 1256 1322 1367 1389 1396 1389 1366 1325 1269 1206 1143 1081 1013
  940  867  794  719  647  583  523  471  423
    22.5-180.0 180.0   5.0 450.0                            LAT/LON1/LON2/DLON/H
  511  460  404  350  305  272  244  220  201  195  199  205  208  207  205  205
  205  202  197  195  199  205  212  218  221  212  188  150  109   74   47   54
   87   83   79   43   82  161  243  334  438  558  680  787  870  940 1004 1063
 1120 1186 1261 1339 1404 1440 1452 1445 1428 1401 1361 1310 1254 1200 1148 1087
 1020  950  877  803  728  664  607  557  511
    20.0-180.0 180.0   5.0 450.0                            LAT/LON1/LON2/DLON/H
  594  540  478  415  364  324  291  263  243  233  231  232  231  228  225  222
  218  210  202  200  202  205  207  208  208  199  176  143  110   85   72   73
  120  116  101   65  117  195  279  365  459  568  685  794  884  967 1043 1110
 1162 1199 1239 1287 1333 1359 1366 1363 1353 1337 1311 1274 1233 1193 1157 1113
 1061 1007  949  886  809  750  693  642  594
    17.5-180.0 180.0   5.0 450.0                            LAT/LON1/LON2/DLON/H
  679  624  560  491  432  386  349  320  298  283  275  270  264  257  252  247
  238  225  214  208  208  209  209  207  203  192  170  140  110   88   79   74
  148  147  130   84  143  223  308  390  478  584  705  825  924 1017 1094 1158
 1199 1211 1207 1220 1245 1257 1252 1237 1220 1208 1194 1175 1155 1138 1129 1109
 1079 1045 1004  953  879  825  774  726  679
    15.0-180.0 180.0   5.0 450.0                            LAT/LON1/LON2/DLON/H
  772  715  642  562  488  432  391  363  343  330  321  310  299  292  292  293
  286  267  247  233  225  217  207  198  191  182  165  139  110   90   81   75
   77  104  114  111  180  257  329  399  480  579  694  804  899  980 1040 1084
 1111 1124 1136 1155 1173 1172 1153 1131 1115 1110 1107 1098 1089 1088 1091 1091
 1077 1056 1030  998  954  901  857  815  772
    12.5-180.0 180.0   5.0 450.0                            LAT/LON1/LON2/DLON/H
  842  790  719  634  554  495  457  436  423  412  400  383  366  354  352  352
  343  320  293  269  249  231  212  199  191  186  177  157  132  110   93   85
  102  123  107  131  200  274  345  412  486  569  661  749  832  907  965 1005
 1028 1041 1054 1067 1070 1057 1033 1012 1001 1003 1005 1002 1002 1012 1031 1046
 1049 1045 1038 1023  993  949  914  880  842
    10.0-180.0 180.0   5.0 450.0                            LAT/LON1/LON2/DLON/H
  887  835  763  679  601  545  512  500  496  491  476  452  428  416  418  422
  410  379  340  303  272  244  217  198  190  190  185  168  144  121  104   94
  101   99   94  143  212  281  345  405  473  550  632  712  792  862  913  945
  957  962  966  973  973  959  936  916  910  918  930  940  950  970  995 1018
 1030 1034 1038 1035 1017  980  950  921  887
     7.5-180.0 180.0   5.0 450.0                            LAT/LON1/LON2/DLON/H
  888  840  776  703  633  585  564  566  576  582  570  545  519  507  510  512
  496  459  410  363  320  279  242  220  213  217  217  202  173  138  105   84
  101   99   90  145  213  280  343  402  465  533  603  673  749  816  871  909
  926  933  936  940  935  921  900  884  882  892  907  921  934  952  976  994
 1007 1016 1028 1034 1023  991  955  923  888
     5.0-180.0 180.0   5.0 450.0                            LAT/LON1/LON2/DLON/H
  819  766  713  658  606  577  580  607  639  659  662  649  633  627  634  636
  614  567  512  457  402  347  301  273  265  270  271  248  198  134   75   36
   94   75   66  141  222  299  365  427  481  528  579  639  713  780  839  890
  927  951  963  966  966  957  937  919  911  918  935  957  973  982  991  997
 1003 1012 1027 1036 1022  982  926  874  819
     2.5-180.0 180.0   5.0 450.0                            LAT/LON1/LON2/DLON/H
  832  780  731  684  646  623  621  638  665  686  688  672  652  645  653  660
  645  604  550  492  435  379  331  299  290  294  294  275  232  178  126   86
  106   70  103  154  215  277  339  400  458  512  566  625  689  751  809  861
  903  933  952  965  973  970  953  935  929  939  957  976  990  997 1001 1000
  996  992  995 1000  993  968  927  882  832
