data/电离层参数/2024-01-12/bcom0010.02i
     1.0            IONOSPHERE MAPS     GNSS                IONEX VERSION / TYPE
IRIS V2.0           IRIS                06-Sep-19 03:12     PGM / RUN BY / DATE 
BUAA'S GLOBAL IONOSPHERE MAPS FOR DAY 001, 2002             COMMENT             
Contact address: Cheng WANG, acheng@buaa.edu.cn             DESCRIPTION             
Web page:        http://ionosphere.cn                       DESCRIPTION             
  2002     1     1     0     0     0                        EPOCH OF FIRST MAP  
  2002     1     2     0     0     0                        EPOCH OF LAST MAP  
  3600                                                      INTERVAL            
    25                                                      # OF MAPS IN FILE   
Combination from  CODG, JPLG, ESAG, UPCG, CASG, WHUG, EMRG  OBSERVABLES USED    
     2                                                      MAP DIMENSION       
   450.0 450.0   0.0                                        HGT1 / HGT2 / DHGT  
    87.5 -87.5  -2.5                                        LAT1 / LAT2 / DLAT  
  -180.0 180.0   5.0                                        LON1 / LON2 / DLON  
TEC/RMS values in 0.1 TECU; 9999, if no value available     COMMENT             
  cod    -0.482     4.227                                   CENTER / BIAS / RMS
  jpl     2.133     4.785                                   CENTER / BIAS / RMS
  esa    -0.746    10.280                                   CENTER / BIAS / RMS
  upc    -0.331     6.144                                   CENTER / BIAS / RMS
  cas    -1.018     4.443                                   CENTER / BIAS / RMS
  whu    -0.846     4.406                                   CENTER / BIAS / RMS
  emr    -3.902    21.062                                   CENTER / BIAS / RMS
                                                            END OF HEADER       
[from data line 429]
     2                                                      START OF TEC MAP    
  2002     1     1     1     0     0                        EPOCH OF CURRENT MAP
    87.5-180.0 180.0   5.0 450.0                            LAT/LON1/LON2/DLON/H
  160  163  166  166  166  165  166  167  166  168  176  179  179  179  178  175
  167  164  161  158  154  149  145  141  138  137  137  137  138  136  133  128
  123  116  112  110  108  108  106  106  106  105  103  102  101   99   99   99
  101  104  107  110  111  113  115  117  118  119  120  121  124  127  132  136
  139  142  145  147  150  153  155  157  160
    85.0-180.0 180.0   5.0 450.0                            LAT/LON1/LON2/DLON/H
  165  170  175  174  166  161  159  159  161  168  190  202  203  202  208  212
  208  194  186  178  167  153  139  127  120  116  117  122  129  132  130  124
  116  101   89   84   81   79   79   80   80   81   82   82   81   79   79   81
   87   97  106  107  105  105  104  105  106  108  110  110  110  115  124  126
  129  133  137  142  147  152  156  160  165
    82.5-180.0 180.0   5.0 450.0                            LAT/LON1/LON2/DLON/H
  168  172  178  181  182  183  186  194  198  205  213  214  214  214  219  215
  216  214  218  196  187  177  166  155  146  135  125  118  113  106  100   93
   87   82   79   75   75   76   79   81   83   85   87   87   89   92   93   97
  102  107  111  112  112  112  112  114  116  118  121  124  127  134  139  143
  147  151  153  155  157  158  161  164  168
    80.0-180.0 180.0   5.0 450.0                            LAT/LON1/LON2/DLON/H
  183  189  196  202  206  210  214  218  223  227  233  234  234  233  232  231
  229  224  218  205  194  181  167  153  137  122  107   95   85   76   68   62
   58   57   57   58   60   64   69   74   80   86   91   96  101  105  109  112
  116  120  122  123  124  123  123  123  125  127  128  130  133  136  140  142
  145  148  152  156  160  165  170  176  183
    77.5-180.0 180.0   5.0 450.0                            LAT/LON1/LON2/DLON/H
  206  211  217  222  226  229  231  233  234  235  237  235  233  230  228  225
  223  220  214  206  197  186  174  161  146  129  113   99   87   78   71   67
   67   69   75   81   88   96  104  113  121  128  135  141  146  150  154  157
  160  162  163  163  164  163  161  162  162  163  165  167  169  173  176  179
  182  184  187  190  192  195  198  202  206
    75.0-180.0 180.0   5.0 450.0                            LAT/LON1/LON2/DLON/H
  260  265  270  274  274  272  269  266  263  259  251  240  234  227  223  223
  226  227  224  216  207  200  191  181  167  151  135  124  116  111  107  107
  110  118  128  135  142  149  156  165  173  180  185  191  193  197  199  201
  203  205  204  203  200  195  191  189  190  192  196  202  209  215  221  227
  231  235  237  240  243  247  251  255  260
    72.5-180.0 180.0   5.0 450.0                            LAT/LON1/LON2/DLON/H
  318  321  326  330  333  333  330  325  315  301  282  260  238  220  211  206
  206  210  214  217  218  217  213  207  196  183  169  157  148  143  140  142
  148  158  171  183  194  204  215  225  233  239  242  244  244  243  243  241
  240  239  237  234  231  228  225  224  226  230  236  245  255  264  273  282
  290  296  301  304  306  308  311  314  318
    70.0-180.0 180.0   5.0 450.0                            LAT/LON1/LON2/DLON/H
  392  396  401  405  408  408  403  392  373  348  316  280  245  215  194  184
  188  194  203  213  222  228  231  229  222  209  197  187  180  177  177  180
  189  200  213  225  237  246  256  263  269  271  271  268  266  262  259  255
  252  249  245  242  238  236  234  235  239  246  256  270  286  301  318  333
  346  357  366  372  376  380  384  388  392
    67.5-180.0 180.0   5.0 450.0                            LAT/LON1/LON2/DLON/H
  462  470  478  486  492  493  488  474  449  413  366  314  263  219  188  172
  169  176  190  207  224  238  247  250  247  239  228  219  213  210  212  217
  226  236  248  258  266  274  279  283  284  282  280  275  270  264  259  253
  248  243  239  235  233  230  229  231  237  247  262  280  301  324  348  369
  389  404  417  427  434  440  447  455  462
    65.0-180.0 180.0   5.0 450.0                            LAT/LON1/LON2/DLON/H
  526  536  545  553  556  555  547  530  499  455  399  337  275  222  182  159
  153  160  176  199  222  244  261  272  275  271  263  254  247  242  241  244
  249  255  262  267  271  272  272  271  267  263  257  251  245  238  231  225
  219  213  209  205  203  203  205  211  221  236  256  282  311  342  374  403
  430  451  467  479  489  497  506  516  526
    62.5-180.0 180.0   5.0 450.0                            LAT/LON1/LON2/DLON/H
  579  590  599  606  611  610  603  586  555  507  445  374  302  238  190  161
  149  152  166  188  212  236  257  272  278  277  271  262  255  250  248  249
  252  254  255  254  251  247  242  238  233  228  222  217  211  204  197  190
  184  177  173  170  169  170  175  183  197  218  244  276  313  353  393  430
  462  487  507  521  533  545  556  568  579
    60.0-180.0 180.0   5.0 450.0                            LAT/LON1/LON2/DLON/H
  616  628  637  642  645  643  636  618  588  544  484  412  338  268  212  174
  153  150  158  176  198  221  242  258  267  270  267  261  253  243  236  231
  228  225  222  217  211  204  197  191  185  180  175  171  166  160  153  146
  139  132  127  125  124  127  134  146  165  191  224  265  310  359  407  450
  487  515  536  551  564  575  588  602  616
    57.5-180.0 180.0   5.0 450.0                            LAT/LON1/LON2/DLON/H
  643  653  659  660  658  655  648  634  609  571  518  452  379  309  249  203
  174  160  158  166  179  195  211  224  233  237  236  232  225  215  205  196
  190  184  179  172  164  157  150  144  140  138  136  135  132  128  123  116
  109  103   98   95   96  100  108  124  148  179  219  267  320  376  429  476
  514  543  563  577  589  601  614  629  643
    55.0-180.0 180.0   5.0 450.0                            LAT/LON1/LON2/DLON/H
  663  672  674  671  666  661  655  645  627  594  547  486  417  347  285  234
  197  175  164  160  162  166  173  180  187  193  197  196  191  183  171  161
  153  146  140  134  129  122  117  113  110  109  110  111  110  109  105  100
   94   88   83   79   79   84   95  113  141  179  226  281  342  403  461  511
  550  577  594  606  615  624  637  651  663
    52.5-180.0 180.0   5.0 450.0                            LAT/LON1/LON2/DLON/H
  691  698  698  691  683  677  672  666  654  626  585  530  466  400  338  285
  244  213  191  176  166  159  154  151  151  154  157  159  156  149  141  132
  126  122  118  114  109  105  102  101  101  104  107  110  111  110  108  104
   99   94   89   86   85   90  102  122  155  199  254  316  382  447  507  556
  592  615  627  633  640  649  663  678  691
    50.0-180.0 180.0   5.0 450.0                            LAT/LON1/LON2/DLON/H
  707  713  711  702  693  687  684  683  676  657  621  573  514  452  392  340
  296  260  230  204  180  157  137  123  117  118  123  128  128  125  119  113
  109  107  106  105  104  102  101  101  103  107  111  114  117  118  118  117
  114  109  103   99   98  103  116  139  175  225  285  353  423  490  550  598
  633  653  661  664  666  671  682  695  707
    47.5-180.0 180.0   5.0 450.0                            LAT/LON1/LON2/DLON/H
  726  732  731  724  716  711  709  709  703  687  656  614  563  507  452  401
  357  318  283  249  213  177  144  118  104  102  107  113  115  114  111  109
  109  110  112  113  113  113  114  115  117  121  125  128  130  132  134  134
  133  129  124  120  120  126  141  168  210  266  334  407  480  548  606  651
  681  696  699  696  694  696  703  714  726
    45.0-180.0 180.0   5.0 450.0                            LAT/LON1/LON2/DLON/H
  732  741  745  744  741  739  738  735  728  712  687  649  607  559  512  467
  427  390  354  315  270  222  175  137  115  108  111  118  121  122  120  120
  123  126  129  130  131  131  132  132  133  136  137  139  140  143  146  148
  149  146  143  139  140  148  165  194  239  298  369  445  520  588  645  687
  714  726  727  722  715  711  713  721  732
    42.5-180.0 180.0   5.0 450.0                            LAT/LON1/LON2/DLON/H
  738  748  755  758  761  766  773  776  772  758  734  699  657  610  561  515
  473  437  404  368  326  277  227  183  154  141  139  141  141  137  135  136
  140  146  150  153  154  153  152  152  151  151  151  151  151  153  157  162
  164  163  158  154  154  162  181  213  264  330  410  494  576  647  705  747
  771  779  774  760  745  731  726  729  738
    40.0-180.0 180.0   5.0 450.0                            LAT/LON1/LON2/DLON/H
  732  739  745  751  760  772  787  798  799  787  763  730  686  638  588  541
  501  470  445  418  381  334  284  239  207  189  180  175  168  161  157  158
  164  169  173  175  175  173  170  167  165  163  160  158  156  157  162  166
  170  169  164  161  163  173  195  232  287  360  445  536  621  696  754  795
  818  825  818  800  776  753  737  730  732
    37.5-180.0 180.0   5.0 450.0                            LAT/LON1/LON2/DLON/H
  728  726  728  734  745  764  785  802  807  799  777  745  703  655  604  556
  518  494  479  461  432  389  340  297  265  244  229  215  201  190  185  186
  190  194  196  197  196  193  187  181  175  170  165  160  156  155  159  165
  168  168  165  164  170  185  213  254  313  389  478  572  661  737  796  837
  861  870  864  845  817  785  756  737  728
    35.0-180.0 180.0   5.0 450.0                            LAT/LON1/LON2/DLON/H
  741  726  719  717  724  740  761  780  789  785  768  742  705  659  607  558
  520  501  494  486  465  429  387  350  321  300  279  258  237  221  214  214
  217  220  221  221  218  212  202  191  183  176  169  161  155  153  156  162
  166  166  164  165  176  197  231  278  340  419  510  605  696  774  837  881
  909  922  919  901  872  835  797  764  741
    32.5-180.0 180.0   5.0 450.0                            LAT/LON1/LON2/DLON/H
  775  743  720  706  701  707  722  738  748  749  741  724  696  654  605  556
  520  503  502  500  486  457  423  391  368  348  325  300  276  259  251  250
  253  256  257  254  248  236  221  205  193  184  177  167  159  157  160  166
  170  171  172  177  192  220  260  311  375  454  544  639  729  811  879  929
  964  982  985  972  947  909  862  816  775
    30.0-180.0 180.0   5.0 450.0                            LAT/LON1/LON2/DLON/H
  845  795  754  721  696  683  682  690  698  704  705  698  679  645  600  553
  518  502  503  504  494  472  445  422  405  389  367  342  317  299  291  292
  297  302  304  300  288  269  246  224  208  199  191  181  172  168  171  176
  180  182  183  192  212  245  291  346  413  491  580  672  763  848  923  982
 1025 1050 1060 1055 1037 1004  957  902  845
    27.5-180.0 180.0   5.0 450.0                            LAT/LON1/LON2/DLON/H
  935  874  820  772  727  691  670  664  669  679  687  686  672  644  605  565
  533  518  515  516  509  493  473  456  443  431  414  394  373  355  346  348
  356  366  372  367  348  319  285  256  236  225  215  200  187  181  181  184
  186  189  194  207  232  271  322  383  452  531  617  708  800  890  972 1040
 1087 1114 1126 1125 1116 1095 1055  999  935
    25.0-180.0 180.0   5.0 450.0                            LAT/LON1/LON2/DLON/H
 1047  971  899  829  761  699  651  622  610  614  624  635  636  621  588  550
  519  503  499  498  489  475  460  450  443  434  418  397  378  367  367  375
  389  402  408  400  375  339  299  266  245  237  233  226  218  213  213  215
  215  215  219  232  261  305  361  424  495  572  652  734  816  901  984 1062
 1123 1167 1195 1212 1220 1212 1179 1121 1047
    22.5-180.0 180.0   5.0 450.0                            LAT/LON1/LON2/DLON/H
 1152 1078 1002  923  840  756  683  630  601  593  600  612  618  610  585  553
  526  511  505  501  491  477  465  458  454  446  431  414  401  394  398  412
  429  445  453  443  413  370  324  288  266  261  260  255  247  241  238  236
  232  230  233  248  281  329  389  456  528  604  679  753  827  905  988 1068
 1134 1183 1218 1247 1272 1282 1265 1219 1152
    20.0-180.0 180.0   5.0 450.0                            LAT/LON1/LON2/DLON/H
 1228 1168 1101 1028  942  847  755  680  631  607  603  607  611  606  588  564
  542  527  520  512  500  487  477  471  466  457  445  433  427  425  432  447
  466  484  494  484  452  405  356  316  294  289  288  282  273  263  255  247
  238  233  236  254  289  341  405  476  550  624  694  759  823  893  969 1043
 1106 1155 1194 1231 1270 1299 1303 1277 1228
    17.5-180.0 180.0   5.0 450.0                            LAT/LON1/LON2/DLON/H
 1266 1224 1175 1118 1043  950  851  762  694  652  631  622  617  611  596  578
  561  548  537  527  514  502  493  486  478  468  457  451  450  452  459  472
  489  508  517  507  475  431  385  347  324  316  312  305  293  279  264  249
  235  227  231  251  290  345  412  484  560  632  697  752  805  861  926  990
 1044 1088 1128 1172 1222 1267 1294 1292 1266
    15.0-180.0 180.0   5.0 450.0                            LAT/LON1/LON2/DLON/H
 1256 1238 1212 1179 1126 1046  951  858  780  722  683  657  639  626  613  597
  583  569  556  543  531  521  513  505  494  482  474  473  476  478  480  487
  499  514  523  513  484  444  404  371  350  338  332  323  308  288  266  245
  226  216  221  243  285  342  410  483  558  627  687  733  773  817  869  920
  962  999 1037 1082 1137 1194 1237 1258 1256
    12.5-180.0 180.0   5.0 450.0                            LAT/LON1/LON2/DLON/H
 1199 1203 1202 1197 1175 1121 1042  955  876  809  756  715  684  662  647  629
  612  594  576  560  549  542  537  530  521  514  513  520  525  521  511  506
  511  523  534  528  502  465  430  398  374  361  352  339  320  295  267  239
  216  206  211  235  279  337  404  476  548  615  669  708  739  773  813  848
  876  904  936  979 1033 1092 1144 1181 1199
    10.0-180.0 180.0   5.0 450.0                            LAT/LON1/LON2/DLON/H
 1130 1147 1161 1183 1197 1177 1122 1050  976  907  847  794  750  716  693  672
  647  622  599  584  577  576  578  581  585  594  607  619  617  598  574  559
  559  575  593  591  557  508  461  423  399  387  379  367  347  318  281  244
  215  200  205  231  279  342  414  488  561  623  670  700  723  750  779  798
  808  824  855  897  947 1002 1056 1100 1130
     7.5-180.0 180.0   5.0 450.0                            LAT/LON1/LON2/DLON/H
 1041 1068 1097 1130 1153 1151 1121 1074 1018  956  895  839  796  766  745  725
  699  667  636  611  598  592  587  578  569  567  577  588  586  565  538  516
  506  508  512  508  491  469  445  423  405  392  380  363  340  309  274  240
  215  202  208  235  281  339  403  470  536  593  639  673  701  733  762  780
  789  798  817  848  886  929  973 1011 1041
     5.0-180.0 180.0   5.0 450.0                            LAT/LON1/LON2/DLON/H
  999 1016 1036 1062 1090 1106 1103 1085 1052 1008  957  906  857  816  784  762
  737  704  671  644  625  615  609  603  600  603  614  621  614  592  563  536
  519  516  521  521  510  490  465  439  416  398  382  367  346  317  282  248
  223  214  224  252  297  352  412  472  531  584  628  664  696  736  773  794
  803  813  831  856  886  918  950  978  999
     2.5-180.0 180.0   5.0 450.0                            LAT/LON1/LON2/DLON/H
  982  982  985  995 1012 1028 1040 1043 1034 1013  983  948  909  872  830  807
  782  749  710  676  651  635  624  616  613  618  631  636  622  593  559  530
  510  503  503  500  489  470  447  422  397  373  351  330  310  288  266  246
  236  236  252  281  322  370  421  472  521  563  599  631  663  718  768  803
  825  845  867  892  917  940  961  976  982
