data/电离层参数/2024-01-12/whhg001a.19i
     1.0            IONOSPHERE MAPS     GNSS                IONEX VERSION / TYPE
IRIS V2.0           IRIS                01-Jan-19 00:50     PGM / RUN BY / DATE 
WHU'S GLOBAL IONOSPHERE MAPS FOR DAY 001, 2019              COMMENT             
Contact address: ac@ionosphere.cn                           DESCRIPTION         
Web page:        http://ionosphere.cn                       DESCRIPTION         
Hourly GIM by WHU                                           DESCRIPTION         
  2019     1     1    00    00     0                        EPOCH OF FIRST MAP  
  2019     1     1    00    00     0                        EPOCH OF LAST MAP  
  3600                                                      INTERVAL            
     1                                                      # OF MAPS IN FILE   
  MSLM                                                      MAPPING FUNCTION    
Two-way carrier phase leveled to code                       OBSERVABLES USED    
   172                                                      # OF STATIONS       
    32                                                      # OF SATELLITES     
  6371.0                                                    BASE RADIUS         
     2                                                      MAP DIMENSION       
   450.0 450.0   0.0                                        HGT1 / HGT2 / DHGT  
    87.5 -87.5  -2.5                                        LAT1 / LAT2 / DLAT  
  -180.0 180.0   5.0                                        LON1 / LON2 / DLON  
    -1                                                      EXPONENT            
TEC/RMS values in 0.1 TECU; 9999, if no value available     COMMENT             
List of stations:                                           COMMENT             
abmf abpo adis aira ajac albh alg3 algo alic ankr areg ascg COMMENT             
auck aukt badg baie bake bamf bcov bogt bor1 brew brst brux COMMENT             
bucu cas1 ccj2 cebr cedu chpg chti chu2 chum chur chwk clrs COMMENT             
coco cord crao cro1 cusv dakr darw dav1 djig dra3 dra4 drao COMMENT             
dubo dund dyng eliz eur2 faa1 fair falk flin frdn func ganp COMMENT             
geno glps glsv gmsd gode godn gods godz gol2 gop7 gope grac COMMENT             
gras graz guam hers hert hlfx hob2 hofn holb hrao ieng iisc COMMENT             
iqal irkm ista joz2 joze jplm karr kat1 kerg kir0 kiru kokb COMMENT             
kokv koug kour krgg kuuj laut lmmf lovj lpal m0se mac1 mad2 COMMENT             
madr mag0 maju mar6 mars mas1 mat1 mate mbar mcm4 mdo1 medi COMMENT             
metg mets mgue mikl mkea mobj mobk mobs morp mqzg mro1 nano COMMENT             
naur nico nklg nnor not1 nrc1 nril ntka ntus nya1 nyal ohi3 COMMENT             
ons1 onsa orid palm park pdel pen2 penc pert pets pgc5 picl COMMENT             
pie1 pimo pngm pohn polv prd2 prd3 prds ptal ptbb ptrf qaq1 COMMENT             
quad quin rabt rdsd                                         COMMENT             
                                                            END OF HEADER       
     1                                                      START OF TEC MAP    
  2019     1     1    00    00     0                        EPOCH OF CURRENT MAP
    87.5-180.0 180.0   5.0 450.0                            LAT/LON1/LON2/DLON/H
   27   27   27   27   28   28   28   28   27   27   27   27   27   26   26   26
   26   25   25   25   24   24   24   24   24   23   23   23   23   23   23   23
   23   23   23   22   22   22   22   22   22   22   22   21   21   21   21   21
   21   21   21   21   21   21   21   22   22   22   22   23   23   23   24   24
   24   25   25   25   26   26   26   27   27
    85.0-180.0 180.0   5.0 450.0                            LAT/LON1/LON2/DLON/H
   30   30   31   31   31   31   31   31   31   31   30   30   29   28   27   26
   26   25   24   23   23   22   22   21   21   21   21   21   22   22   22   22
   23   23   23   23   23   23   22   22   22   21   21   20   20   19   19   18
   18   18   18   18   18   18   18   18   19   19   20   20   21   22   22   23
   24   24   25   26   27   28   28   29   30
    82.5-180.0 180.0   5.0 450.0                            LAT/LON1/LON2/DLON/H
   32   33   34   34   35   35   35   35   34   34   33   32   30   29   27   26
   24   22   21   20   19   18   17   17   17   18   18   19   20   21   22   23
   24   25   25   26   26   25   25   24   23   22   21   20   19   18   17   16
   15   15   15   14   15   15   15   16   16   17   17   18   19   20   20   21
   22   23   25   26   27   28   29   31   32
    80.0-180.0 180.0   5.0 450.0                            LAT/LON1/LON2/DLON/H
   33   34   35   36   37   38   38   37   37   36   34   33   31   29   26   24
   21   19   17   15   14   13   12   12   13   14   15   17   19   22   24   26
   28   29   30   30   30   30   29   28   26   24   22   20   18   16   15   14
   13   12   12   12   12   13   13   14   14   15   16   17   17   18   19   20
   21   22   23   25   26   28   29   31   33
    77.5-180.0 180.0   5.0 450.0                            LAT/LON1/LON2/DLON/H
   33   35   36   38   39   39   39   39   38   37   35   33   31   28   25   22
   19   16   13   11    9    8    7    8    9   11   13   16   19   23   26   29
   32   34   35   36   35   35   33   31   28   26   23   20   17   15   13   12
   11   11   11   11   11   12   13   14   14   15   16   16   17   17   18   18
   19   20   22   23   25   27   29   31   33
    75.0-180.0 180.0   5.0 450.0                            LAT/LON1/LON2/DLON/H
   33   35   37   39   40   40   41   40   39   38   36   33   31   27   24   21
   17   14   10    8    6    5    4    5    6    9   12   16   20   24   29   32
   35   38   39   39   39   38   35   33   29   26   22   19   16   14   12   11
   10   10   10   11   12   13   14   15   16   16   17   17   17   17   17   18
   18   19   20   22   24   26   28   31   33
    72.5-180.0 180.0   5.0 450.0                            LAT/LON1/LON2/DLON/H
   34   36   38   40   41   42   42   41   40   38   36   33   30   27   23   20
   16   13   10    7    5    4    4    4    6    9   13   17   21   26   30   34
   37   39   40   40   39   37   35   32   28   24   21   17   14   12   10   10
    9   10   11   12   13   14   15   16   17   18   18   18   18   18   18   18
   19   19   20   22   24   26   29   31   34
    70.0-180.0 180.0   5.0 450.0                            LAT/LON1/LON2/DLON/H
   36   39   41   42   43   43   43   42   40   38   36   33   30   27   23   20
   16   13   10    8    6    5    5    6    8   11   14   18   22   26   30   33
   35   36   37   36   35   33   31   27   24   21   17   14   12   10    9    9
   10   11   12   13   15   16   17   18   19   19   19   19   19   20   20   20
   20   21   22   24   26   28   31   34   36
    67.5-180.0 180.0   5.0 450.0                            LAT/LON1/LON2/DLON/H
   40   42   44   45   45   45   45   43   41   39   37   34   30   27   24   20
   17   14   12   10    9    8    9    9   11   13   16   19   22   25   28   29
   30   31   30   29   28   26   24   21   18   16   13   12   10    9    9   10
   11   12   14   15   17   18   19   19   20   20   21   21   21   22   22   23
   24   25   26   28   30   32   35   38   40
    65.0-180.0 180.0   5.0 450.0                            LAT/LON1/LON2/DLON/H
   45   47   48   48   48   48   47   45   43   41   38   35   31   27   24   21
   18   15   14   13   12   12   12   13   14   15   17   19   21   22   23   23
   23   22   21   20   19   18   16   15   13   12   10   10   10   10   11   12
   13   15   16   18   19   20   20   21   21   21   22   23   24   25   27   28
   29   31   32   34   36   39   41   43   45
    62.5-180.0 180.0   5.0 450.0                            LAT/LON1/LON2/DLON/H
   51   52   52   52   52   51   50   48   46   43   40   36   32   28   24   20
   18   15   14   14   14   14   14   15   15   16   17   17   18   18   18   17
   15   14   13   12   11   11   10   10   10    9   10   10   11   12   14   15
   17   18   20   21   22   22   22   22   22   23   24   25   27   30   32   35
   37   38   40   42   44   46   48   50   51
    60.0-180.0 180.0   5.0 450.0                            LAT/LON1/LON2/DLON/H
   58   58   57   56   55   54   53   51   49   46   42   38   33   28   24   19
   16   14   13   13   14   15   15   15   15   14   14   14   14   13   12   11
    9    8    7    7    7    8    8    9   10   11   12   13   15   17   19   20
   22   23   24   25   25   25   25   25   25   25   27   29   32   36   40   43
   45   47   49   51   53   55   57   58   58
    57.5-180.0 180.0   5.0 450.0                            LAT/LON1/LON2/DLON/H
   66   64   63   61   59   58   56   54   52   48   45   40   35   29   23   18
   14   12   11   11   12   13   13   13   12   11   10    9    9    9    8    7
    7    6    6    7    8   10   11   13   14   16   17   19   21   23   25   26
   27   28   29   30   30   30   29   29   29   29   31   35   39   44   48   52
   55   57   59   61   63   65   67   67   66
    55.0-180.0 180.0   5.0 450.0                            LAT/LON1/LON2/DLON/H
   75   72   69   66   64   62   60   57   55   51   47   42   36   29   23   17
   12    9    8    8    9   10   10    9    8    6    5    5    5    6    7    8
    8    9   10   12   15   17   19   21   23   24   26   28   30   31   33   33
   34   34   35   35   36   36   35   35   35   35   37   41   46   52   57   61
   64   66   68   70   73   75   77   77   75
    52.5-180.0 180.0   5.0 450.0                            LAT/LON1/LON2/DLON/H
   84   81   77   73   70   67   64   61   58   54   50   44   38   31   23   16
   11    7    6    6    7    8    7    6    4    2    1    2    4    7   10   12
   15   17   19   22   25   29   31   33   34   35   36   38   39   40   40   40
   40   40   40   41   42   42   42   42   42   42   44   48   53   60   65   69
   72   73   75   78   82   85   87   87   84
    50.0-180.0 180.0   5.0 450.0                            LAT/LON1/LON2/DLON/H
   94   90   86   81   78   74   70   66   62   58   53   47   40   33   25   18
   12    8    6    5    6    7    6    5    2    0   10    1    5   11   16   20
   24   27   31   35   38   42   44   46   46   47   47   48   48   48   47   46
   45   44   45   46   47   48   49   49   49   49   51   54   60   66   72   76
   78   79   81   84   89   93   96   96   94
    47.5-180.0 180.0   5.0 450.0                            LAT/LON1/LON2/DLON/H
  102   99   94   90   86   82   78   73   68   62   57   51   44   37   29   22
   16   11    8    7    8    8    8    7    4    2    2    5   10   17   25   30
   35   39   43   47   51   54   57   58   58   57   56   56   55   54   52   50
   48   47   48   49   51   52   54   54   54   54   55   58   64   70   76   79
   81   81   83   87   93   99  103  104  102
    45.0-180.0 180.0   5.0 450.0                            LAT/LON1/LON2/DLON/H
  108  105  101   98   94   90   85   80   74   68   62   56   49   42   35   29
   23   18   14   12   12   13   13   13   11    9    9   12   19   27   35   41
   46   49   53   57   61   64   66   67   66   65   63   62   61   58   55   52
   49   48   48   50   52   54   56   57   57   57   57   60   65   72   77   80
   81   82   83   88   95  102  107  109  108
    42.5-180.0 180.0   5.0 450.0                            LAT/LON1/LON2/DLON/H
  110  108  106  103  100   97   92   87   82   76   69   62   56   49   43   37
   32   27   23   20   20   21   22   22   21   19   19   22   29   37   45   50
   54   57   60   63   67   70   73   73   72   69   67   65   63   60   55   51
   48   47   47   48   50   52   54   56   57   57   57   60   64   71   77   80
   81   81   82   87   95  102  108  111  110
    40.0-180.0 180.0   5.0 450.0                            LAT/LON1/LON2/DLON/H
  109  108  106  105  103  101   97   93   89   84   77   70   63   57   52   47
   43   38   33   30   29   30   33   34   34   32   32   35   40   47   54   58
   60   61   63   66   69   73   75   76   74   71   68   66   63   59   54   49
   45   44   44   44   46   48   50   53   55   55   55   58   63   70   76   79
   80   80   81   86   93  101  107  109  109
    37.5-180.0 180.0   5.0 450.0                            LAT/LON1/LON2/DLON/H
  106  104  103  102  101  100   99   97   95   91   86   79   72   66   61   58
   54   49   44   40   38   40   44   47   47   46   45   47   51   57   61   63
   63   63   64   66   69   73   75   76   73   70   67   64   62   57   51   45
   41   40   39   39   40   41   44   48   51   52   53   56   62   69   76   80
   81   81   83   87   94  100  105  106  106
    35.0-180.0 180.0   5.0 450.0                            LAT/LON1/LON2/DLON/H
  102  100   98   97   97   96   97   98   99   97   93   86   80   74   70   67
   64   60   54   49   47   49   54   58   60   58   56   57   60   64   66   66
   65   64   64   65   68   71   74   74   71   67   64   61   59   54   47   41
   37   35   35   34   34   35   38   43   47   51   53   56   62   70   78   83
   85   86   88   92   97  102  104  104  102
    32.5-180.0 180.0   5.0 450.0                            LAT/LON1/LON2/DLON/H
  103   99   95   92   90   90   92   96  100  101   98   92   86   81   78   76
   73   69   63   57   54   56   61   67   69   67   65   64   66   69   69   68
   66   64   64   64   66   69   72   72   68   64   60   57   55   50   44   37
   33   31   31   30   29   29   33   39   46   51   55   59   66   74   83   89
   93   95   98  101  105  108  109  106  103
    30.0-180.0 180.0   5.0 450.0                            LAT/LON1/LON2/DLON/H
  109  103   97   91   87   85   88   93   99  102  101   96   90   86   83   82
   80   76   70   63   60   61   66   72   73   72   69   68   70   71   71   69
   66   65   64   64   65   67   69   68   65   59   55   53   52   48   41   34
   29   28   28   27   25   26   30   38   46   53   59   65   73   82   91   99
  104  109  112  116  119  121  119  115  109
    27.5-180.0 180.0   5.0 450.0                            LAT/LON1/LON2/DLON/H
  124  115  106   97   89   84   85   91   97  101  100   97   92   89   87   86
   84   81   75   68   63   64   68   73   74   72   69   69   71   72   71   69
   66   65   65   64   64   64   66   65   60   55   51   50   49   45   38   31
   27   26   26   25   24   25   30   39   49   58   66   73   82   91  101  110
  118  124  130  135  138  139  137  132  124
    25.0-180.0 180.0   5.0 450.0                            LAT/LON1/LON2/DLON/H
  146  136  124  112   99   91   89   92   97  100   99   96   92   90   89   89
   87   84   78   72   66   65   69   72   73   70   67   67   70   72   71   68
   66   66   65   63   61   61   61   60   55   50   47   46   47   44   37   29
   25   25   25   25   24   25   31   42   53   64   74   83   92  102  112  122
  132  141  149  156  160  161  160  154  146
    22.5-180.0 180.0   5.0 450.0                            LAT/LON1/LON2/DLON/H
  174  164  150  135  120  107  101  100  101  100   98   94   92   91   91   91
   89   86   81   75   69   67   68   70   69   66   63   64   68   71   70   67
   65   65   64   61   57   55   55   54   50   45   43   43   45   42   35   28
   24   24   25   25   24   27   34   45   57   69   81   91  102  112  122  133
  145  157  167  175  181  184  184  181  174
    20.0-180.0 180.0   5.0 450.0                            LAT/LON1/LON2/DLON/H
  202  193  181  165  147  132  121  114  109  104   98   94   92   93   93   93
   91   88   84   78   72   69   69   69   67   63   60   62   67   70   69   66
   63   63   61   57   52   49   48   48   45   41   39   41   42   40   34   26
   23   23   25   25   25   28   35   47   60   73   86   98  110  120  131  143
  156  169  181  191  199  204  207  206  202
    17.5-180.0 180.0   5.0 450.0                            LAT/LON1/LON2/DLON/H
  226  220  210  196  179  162  147  135  124  113  103   97   95   96   97   96
   94   91   87   82   77   73   71   70   67   62   60   62   67   70   68   64
   61   59   56   51   45   42   41   41   40   37   36   38   40   38   31   25
   22   23   25   25   26   29   36   48   61   75   89  103  115  126  137  149
  163  177  191  202  211  219  224  227  226
    15.0-180.0 180.0   5.0 450.0                            LAT/LON1/LON2/DLON/H
  242  240  235  224  210  193  176  160  143  127  113  104  102  103  103  101
   98   94   91   87   82   78   75   73   69   65   63   65   69   71   68   62
   57   54   51   45   38   35   35   36   35   33   33   35   36   34   28   23
   21   22   24   25   26   29   36   47   60   74   89  104  118  130  141  153
  167  182  195  206  216  225  233  239  242
    12.5-180.0 180.0   5.0 450.0                            LAT/LON1/LON2/DLON/H
  248  251  250  245  235  221  204  185  165  145  128  117  112  112  111  108
  103   99   96   92   88   84   81   79   75   71   68   70   73   73   68   61
   54   50   46   40   34   31   31   33   32   30   30   31   32   30   25   21
   20   22   25   26   26   29   36   46   59   73   88  104  119  132  144  156
  169  182  195  205  215  224  234  242  248
    10.0-180.0 180.0   5.0 450.0                            LAT/LON1/LON2/DLON/H
  245  251  255  255  250  240  225  207  186  164  146  132  126  124  121  117
  111  106  102   99   95   91   89   86   83   79   76   77   78   77   70   61
   53   47   42   37   31   29   30   31   31   28   27   28   28   26   22   19
   20   24   26   27   27   29   36   46   58   72   87  103  119  133  145  157
  169  182  192  202  210  219  228  238  245
     7.5-180.0 180.0   5.0 450.0                            LAT/LON1/LON2/DLON/H
  238  246  252  256  256  250  238  222  203  183  165  150  142  137  133  127
  120  114  109  105  101   98   97   95   92   88   85   84   84   81   73   62
   53   47   41   36   32   30   31   32   30   27   25   24   24   22   20   19
   22   26   29   29   29   31   37   46   58   71   86  102  119  133  146  158
  169  180  190  198  205  212  221  230  238
     5.0-180.0 180.0   5.0 450.0                            LAT/LON1/LON2/DLON/H
  231  239  245  251  253  250  242  230  215  199  183  168  157  150  144  137
  130  122  116  112  108  105  104  103  100   96   93   92   90   85   76   65
   55   47   42   37   34   34   34   33   30   26   23   22   21   20   19   20
   25   30   33   33   32   33   39   48   59   72   86  101  118  133  147  158
  169  180  189  196  202  208  215  223  231
     2.5-180.0 180.0   5.0 450.0                            LAT/LON1/LON2/DLON/H
  228  234  240  243  245  244  239  231  222  211  198  184  171  161  154  147
  139  131  124  118  114  112  110  109  106  103  100   97   94   89   79   68
   57   49   44   40   38   38   38   36   31   26   23   21   20   19   20   23
   29   34   37   37   36   37   43   51   62   74   86  101  117  133  147  159
  170  180  190  198  204  209  215  222  228
