data/电离层参数/2023-11-27/合并文件20231127-185126.txt
     1.0            IONOSPHERE MAPS     GNSS                IONEX VERSION / TYPE
IRIS V2.0           IRIS                06-Jan-23 06:28     PGM / RUN BY / DATE 
BUAA'S GLOBAL IONOSPHERE MAPS FOR DAY 001, 2023             COMMENT             
Contact address: Cheng WANG, acheng@buaa.edu.cn             DESCRIPTION         
Web page:        http://ionosphere.cn                       DESCRIPTION         
STAR Labs at Beihang University                             COMMENT             
FLASH Pro from STAR Labs @BUAA                              COMMENT             
  2023     1     1     0     0     0                        EPOCH OF FIRST MAP  
  2023     1     2     0     0     0                        EPOCH OF LAST MAP  
  3600                                                      INTERVAL            
    25                                                      # OF MAPS IN FILE   
  MSLM                                                      MAPPING FUNCTION    
Two-way carrier phase leveled to code                       OBSERVABLES USED    
   156                                                      # OF STATIONS       
    30                                                      # OF SATELLITES     
  6371.0                                                    BASE RADIUS         
     2                                                      MAP DIMENSION       
   450.0 450.0   0.0                                        HGT1 / HGT2 / DHGT  
    87.5 -87.5  -2.5                                        LAT1 / LAT2 / DLAT  
  -180.0 180.0   5.0                                        LON1 / LON2 / DLON  
    -1                                                      EXPONENT            
TEC/RMS values in 0.1 TECU; 9999, if no value available     COMMENT             
List of stations:                                           COMMENT             
abpo albh alg3 algo antc areq aspa auck badg baie bake bako COMMENT             
bamf barh bcov bill bjfs blyt bogt brew chan chil chpi chti COMMENT             
chu2 chum chur chwk cit1 clrs cmp9 cnmr coso crfp cro1 cusv COMMENT             
daej dgar dhlg dra3 dra4 drao dubo dund escu eur2 fair falk COMMENT             
frdn glps gode godz gol2 gold guam guug hlfx hnus holb holp COMMENT             
hrao hyde iisc ineg invk iqal iqqe jplm kokb kokv lbch mad2 COMMENT             
madr mana mayg mbar mcm4 mdo1 mfkg mkea monp morp mqzg mtka COMMENT             
nano nlib nrc1 nrmd nvsk opmt palm picl pie1 pimo pin1 pol2 COMMENT             
pove prd2 prd3 prds ptal qaq1 quad quin ramo rdsd riga riop COMMENT             
rock sask sbok sc04 sch2 scip scor sfdm she2 sthl stj2 stjo COMMENT             
suth svtl tabl tdou thu2 tidb torp trak tubi tukt uclu uldi COMMENT             
unbj usn7 usud vacs vald vndp wab2 wark wes2 wgtn whc1 whit COMMENT             
widc will wlsn wtza yel3 yell ykro yons zamb zeck zim2 zimm COMMENT             
                                                            END OF HEADER       
[from data line 3861]
    10                                                      START OF TEC MAP    
  2023     1     1     9     0     0                        EPOCH OF CURRENT MAP
    87.5-180.0 180.0   5.0 450.0                            LAT/LON1/LON2/DLON/H
   30   30   31   31   32   33   34   34   35   36   37   38   40   41   42   43
   44   45   46   46   47   48   49   49   50   50   51   51   52   52   52   52
   53   53   53   53   52   52   52   52   52   51   51   50   50   49   48   48
   47   46   45   44   43   42   41   40   39   38   37   36   35   34   34   33
   32   31   31   30   30   30   30   30   30
    85.0-180.0 180.0   5.0 450.0                            LAT/LON1/LON2/DLON/H
   20   20   21   22   23   25   27   29   31   33   35   37   39   41   43   45
   47   48   50   51   52   53   54   55   56   57   58   58   59   59   60   60
   60   60   61   61   61   61   61   60   60   60   60   59   59   58   58   57
   56   55   54   52   51   49   47   45   43   41   39   37   35   32   30   28
   27   25   23   22   21   20   20   20   20
    82.5-180.0 180.0   5.0 450.0                            LAT/LON1/LON2/DLON/H
   13   14   14   16   17   20   22   25   28   32   35   38   41   43   46   48
   50   51   52   54   55   55   56   57   58   59   60   61   61   62   63   63
   64   64   65   65   66   66   67   67   67   68   69   69   69   70   70   70
   70   69   68   67   65   63   61   58   55   52   49   45   42   38   35   32
   28   25   23   20   18   16   15   14   13
    80.0-180.0 180.0   5.0 450.0                            LAT/LON1/LON2/DLON/H
   13   12   12   13   15   18   21   24   28   33   37   40   44   46   49   50
   52   52   53   53   53   54   54   55   56   57   58   59   60   62   63   64
   65   65   66   67   68   69   70   72   73   75   77   79   81   83   85   86
   87   88   88   87   85   83   80   77   74   70   65   61   56   52   47   43
   38   34   30   26   22   19   17   14   13
    77.5-180.0 180.0   5.0 450.0                            LAT/LON1/LON2/DLON/H
   19   17   16   16   17   19   22   26   31   36   40   44   48   50   52   53
   53   52   51   50   50   49   49   50   51   53   54   56   58   60   61   62
   64   65   66   67   68   70   72   74   77   81   85   89   94   98  102  106
  109  110  111  111  109  107  104  100   95   91   86   80   75   70   65   60
   54   49   44   39   35   30   26   22   19
    75.0-180.0 180.0   5.0 450.0                            LAT/LON1/LON2/DLON/H
   30   26   24   22   22   24   26   30   35   40   45   50   53   55   56   55
   53   51   49   47   45   45   45   46   47   49   52   54   56   58   59   61
   62   63   64   65   67   70   73   76   81   86   93  100  107  114  121  127
  131  134  136  136  134  131  126  121  116  110  104   98   93   87   82   77
   72   67   62   57   51   46   40   35   30
    72.5-180.0 180.0   5.0 450.0                            LAT/LON1/LON2/DLON/H
   44   39   34   31   30   30   32   36   40   46   51   55   58   59   59   58
   55   51   48   45   43   42   42   44   46   49   52   54   56   58   59   59
   60   61   62   64   66   69   73   78   84   92  100  110  120  129  139  147
  153  157  159  158  155  150  144  137  130  123  116  109  104   98   93   89
   85   81   77   72   67   62   56   50   44
    70.0-180.0 180.0   5.0 450.0                            LAT/LON1/LON2/DLON/H
   56   50   45   40   38   37   38   41   45   50   55   59   62   63   62   60
   56   52   48   44   42   42   43   46   49   52   55   57   58   58   58   58
   58   58   60   62   65   69   74   81   88   97  108  119  132  144  155  165
  172  176  177  175  170  162  154  145  135  126  118  111  105  100   95   92
   89   86   84   81   78   73   68   62   56
    67.5-180.0 180.0   5.0 450.0                            LAT/LON1/LON2/DLON/H
   63   58   52   47   44   42   43   45   48   53   57   61   63   64   63   61
   57   52   48   46   44   45   47   51   54   57   59   60   59   58   56   55
   54   55   58   61   66   71   77   85   94  104  116  129  142  156  169  179
  186  190  189  185  178  168  156  144  133  122  112  104   97   91   87   84
   82   81   80   80   79   77   73   69   63
    65.0-180.0 180.0   5.0 450.0                            LAT/LON1/LON2/DLON/H
   64   59   54   50   47   45   45   46   49   52   56   59   61   62   62   59
   56   53   50   48   47   49   52   56   59   62   63   61   58   55   52   50
   49   51   55   61   68   75   83   92  102  112  125  138  152  166  179  189
  196  199  197  190  180  168  154  139  126  113  102   92   84   77   72   68
   66   66   67   68   70   70   69   67   64
    62.5-180.0 180.0   5.0 450.0                            LAT/LON1/LON2/DLON/H
   57   54   52   49   47   45   45   45   47   49   52   54   56   57   57   56
   54   52   50   49   49   51   54   58   61   63   62   59   54   49   44   42
   43   47   54   62   72   82   92  102  112  123  135  148  161  174  186  196
  202  203  200  192  180  166  150  135  119  105   93   81   71   63   55   50
   47   46   47   50   53   56   58   58   57
    60.0-180.0 180.0   5.0 450.0                            LAT/LON1/LON2/DLON/H
   46   46   45   44   44   43   43   43   43   44   45   46   48   49   50   50
   50   49   48   48   49   50   53   56   59   59   57   52   46   40   35   35
   38   45   55   67   79   91  103  115  126  136  148  159  170  182  192  199
  204  205  201  193  181  167  151  135  119  104   90   77   65   54   45   37
   31   29   29   31   35   39   42   45   46
    57.5-180.0 180.0   5.0 450.0                            LAT/LON1/LON2/DLON/H
   34   36   38   39   40   41   40   40   39   38   38   38   39   40   41   43
   44   45   45   45   45   46   48   50   52   52   49   43   36   30   27   29
   35   46   59   74   89  104  117  130  142  152  162  171  180  188  196  201
  205  205  202  195  184  172  158  143  128  113   98   84   70   57   45   34
   25   20   17   18   21   25   29   32   34
    55.0-180.0 180.0   5.0 450.0                            LAT/LON1/LON2/DLON/H
   27   30   33   36   38   40   39   37   35   33   32   32   32   33   34   36
   39   41   42   41   41   40   40   42   43   43   40   35   29   24   24   28
   38   51   68   85  102  118  133  147  159  170  179  186  191  196  200  203
  204  205  203  199  191  182  170  157  144  130  115  100   85   70   56   43
   31   22   17   15   15   18   21   24   27
    52.5-180.0 180.0   5.0 450.0                            LAT/LON1/LON2/DLON/H
   26   29   33   37   41   42   41   38   34   32   30   29   29   29   31   33
   35   38   39   38   36   33   32   33   35   35   34   31   27   24   26   34
   46   63   81   99  116  132  148  163  177  188  196  201  204  204  204  204
  204  205  205  204  200  194  186  176  164  151  137  122  106   91   76   61
   48   37   28   23   21   21   22   24   26
    50.0-180.0 180.0   5.0 450.0                            LAT/LON1/LON2/DLON/H
   34   36   40   44   47   48   45   41   37   34   33   33   32   32   31   32
   35   37   38   36   33   29   27   28   31   34   35   33   31   32   36   46
   61   79   97  114  130  146  162  178  193  205  213  217  216  213  209  206
  205  205  207  208  208  205  200  192  182  170  156  142  127  112   97   83
   70   58   47   40   35   33   32   33   34
    47.5-180.0 180.0   5.0 450.0                            LAT/LON1/LON2/DLON/H
   47   49   52   56   59   57   53   47   42   41   41   42   41   39   37   36
   37   39   39   37   33   30   28   30   34   39   42   43   43   45   52   64
   81   99  116  131  144  158  173  190  206  220  229  232  229  224  217  210
  207  207  209  212  214  213  209  202  193  182  168  154  140  127  114  102
   91   79   68   59   53   49   47   46   47
    45.0-180.0 180.0   5.0 450.0                            LAT/LON1/LON2/DLON/H
   62   64   67   71   72   68   62   54   49   49   52   54   54   51   47   43
   42   43   44   42   39   36   35   39   45   51   56   58   59   63   71   85
  102  119  135  146  156  167  182  199  216  231  241  244  242  235  226  218
  212  211  213  215  217  216  212  205  196  185  172  158  144  131  121  112
  104   94   85   76   69   64   62   61   62
    42.5-180.0 180.0   5.0 450.0                            LAT/LON1/LON2/DLON/H
   74   76   80   83   84   79   70   61   57   58   64   69   69   65   58   52
   50   50   50   50   48   47   48   53   60   68   72   74   76   80   89  104
  121  139  152  161  168  176  188  205  223  239  250  255  254  248  239  230
  223  220  220  221  220  217  212  204  195  184  170  155  140  127  118  112
  106  100   93   85   79   75   73   73   74
    40.0-180.0 180.0   5.0 450.0                            LAT/LON1/LON2/DLON/H
   80   84   88   92   91   85   75   65   62   66   74   81   83   78   70   62
   57   57   59   60   61   61   64   70   78   84   87   88   88   92  102  118
  137  155  167  175  180  186  196  211  228  244  256  263  265  263  256  249
  242  237  235  233  229  223  215  206  197  186  171  154  136  121  110  105
  102   99   93   87   82   79   78   79   80
    37.5-180.0 180.0   5.0 450.0                            LAT/LON1/LON2/DLON/H
   82   85   89   93   93   86   75   66   63   69   80   90   93   88   79   70
   65   65   68   72   74   77   81   87   93   96   97   95   94   99  110  127
  148  167  181  189  193  198  206  219  234  248  261  271  278  281  280  276
  271  265  261  256  248  239  229  220  211  201  185  165  142  122  107  100
   97   95   91   86   81   79   79   80   82
    35.0-180.0 180.0   5.0 450.0                            LAT/LON1/LON2/DLON/H
   81   82   85   88   88   82   72   63   61   69   82   93   98   94   86   78
   73   74   78   83   88   92   96  100  103  102   99   94   93   98  112  132
  155  177  194  204  210  214  221  231  243  255  267  280  293  304  311  313
  311  306  300  293  283  272  262  254  247  237  221  198  169  141  119  106
  101   98   95   90   85   82   81   81   81
    32.5-180.0 180.0   5.0 450.0                            LAT/LON1/LON2/DLON/H
   83   79   79   80   80   74   65   57   57   65   78   90   96   95   90   84
   81   83   88   94   99  103  106  108  107  102   94   88   87   94  110  133
  160  186  207  222  231  236  243  250  258  267  278  293  312  333  349  358
  361  358  353  345  334  323  314  309  306  298  282  255  220  184  153  133
  122  116  111  106  100   95   91   88   83
    30.0-180.0 180.0   5.0 450.0                            LAT/LON1/LON2/DLON/H
   94   84   77   75   72   67   59   52   52   60   72   83   90   92   90   88
   88   91   97  103  107  110  110  109  104   96   85   79   80   90  110  135
  165  195  222  242  255  264  270  276  281  286  295  312  337  366  392  409
  417  418  414  407  398  390  385  384  384  380  364  335  295  252  212  183
  165  154  147  139  131  124  116  106   94
    27.5-180.0 180.0   5.0 450.0                            LAT/LON1/LON2/DLON/H
  119  100   85   77   71   65   57   51   50   56   65   74   82   87   90   92
   94   99  105  110  112  111  109  105   98   87   77   71   76   90  113  140
  172  205  237  263  282  295  303  308  311  313  320  338  367  404  437  461
  475  479  478  474  468  464  463  467  472  470  456  427  385  337  290  253
  227  211  200  190  180  169  156  140  119
    25.0-180.0 180.0   5.0 450.0                            LAT/LON1/LON2/DLON/H
  159  129  106   91   81   72   63   56   54   56   61   67   73   81   88   94
  100  105  110  113  111  108  103   98   90   80   71   69   78   97  121  149
  180  216  251  284  309  326  338  344  345  346  352  370  402  442  481  511
  528  535  537  536  534  534  539  546  553  553  541  514  474  426  377  334
  301  280  265  253  242  229  211  188  159
    22.5-180.0 180.0   5.0 450.0                            LAT/LON1/LON2/DLON/H
  208  171  140  118  103   91   79   70   65   62   62   63   68   76   86   95
  102  108  112  112  107  100   94   89   83   75   70   73   87  109  134  161
  191  226  265  302  332  355  370  379  383  384  389  407  439  480  521  552
  571  579  583  585  587  591  598  608  616  616  605  582  548  505  458  412
  375  349  331  318  306  292  272  244  208
    20.0-180.0 180.0   5.0 450.0                            LAT/LON1/LON2/DLON/H
  260  219  184  157  138  121  105   93   84   76   70   66   67   75   85   94
  101  107  109  106   99   90   83   80   78   75   74   82  100  124  150  174
  201  235  276  316  351  379  398  412  419  423  429  446  476  515  554  583
  601  609  613  616  619  625  634  643  648  647  637  619  594  560  519  475
  436  405  385  372  362  349  329  299  260
    17.5-180.0 180.0   5.0 450.0                            LAT/LON1/LON2/DLON/H
  305  265  230  202  179  158  139  122  109   97   86   76   73   77   84   91
   96  101  102   98   88   78   73   73   75   77   81   93  114  140  164  186
  210  243  283  325  364  395  419  438  451  460  469  485  511  544  578  603
  617  624  626  628  631  636  643  648  650  645  635  622  607  585  553  513
  473  440  418  406  397  387  370  342  305
    15.0-180.0 180.0   5.0 450.0                            LAT/LON1/LON2/DLON/H
  333  300  270  245  222  198  175  154  138  123  107   93   84   82   84   86
   88   91   91   87   77   67   64   68   75   80   87  102  125  152  175  195
  217  248  287  330  370  404  433  457  477  492  505  520  542  568  593  613
  623  627  626  626  626  628  630  631  627  617  606  597  590  579  558  524
  485  450  426  413  407  401  388  365  333
    12.5-180.0 180.0   5.0 450.0                            LAT/LON1/LON2/DLON/H
  340  317  296  279  258  234  207  185  166  150  132  114  100   91   85   81
   78   79   79   75   66   58   58   65   74   82   91  106  131  158  181  200
  222  251  290  332  372  407  439  469  496  518  535  551  567  585  602  616
  622  623  619  615  611  609  606  601  592  578  564  557  555  553  539  511
  472  436  409  396  391  388  379  363  340
    10.0-180.0 180.0   5.0 450.0                            LAT/LON1/LON2/DLON/H
  325  313  305  296  282  258  231  208  190  174  156  137  118  102   88   76
   69   67   68   65   58   53   55   64   74   81   90  106  130  158  183  203
  226  255  293  333  372  408  442  476  509  537  559  574  586  596  607  615
  619  617  611  603  596  589  582  573  560  543  527  518  518  518  509  483
  446  407  377  361  356  354  349  339  325
     7.5-180.0 180.0   5.0 450.0                            LAT/LON1/LON2/DLON/H
  294  292  295  296  288  268  243  220  204  191  176  157  136  115   93   74
   62   58   59   58   54   52   56   65   74   79   86  101  126  155  182  206
  231  261  297  335  372  408  443  480  517  551  576  592  599  603  608  614
  617  614  607  597  586  577  568  558  544  526  508  495  490  488  478  453
  416  375  342  322  313  310  306  300  294
     5.0-180.0 180.0   5.0 450.0                            LAT/LON1/LON2/DLON/H
  254  260  272  281  279  263  240  221  209  200  190  173  152  127  100   76
   59   53   54   55   53   54   59   67   73   76   81   96  122  152  182  210
  238  270  304  339  374  410  446  484  523  559  587  602  606  605  607  612
  616  615  608  597  587  577  569  560  549  533  514  495  482  473  458  431
  393  350  314  290  276  269  262  256  254
     2.5-180.0 180.0   5.0 450.0                            LAT/LON1/LON2/DLON/H
  218  226  242  256  258  246  227  211  203  200  195  183  163  137  108   81
   62   53   53   54   55   58   64   70   74   75   80   95  121  153  186  218
  249  281  313  345  379  415  452  489  528  564  592  606  608  604  604  610
  617  618  613  604  595  588  584  580  574  562  542  518  495  474  452  423
  384  341  302  273  254  240  229  220  218
