data/电离层参数/2023-11-27/合并文件20231127-185126.txt
     1.0            IONOSPHERE MAPS     GNSS                IONEX VERSION / TYPE
IRIS V2.0           IRIS                06-Jan-23 06:28     PGM / RUN BY / DATE 
BUAA'S GLOBAL IONOSPHERE MAPS FOR DAY 001, 2023             COMMENT             
Contact address: Cheng WANG, acheng@buaa.edu.cn             DESCRIPTION         
Web page:        http://ionosphere.cn                       DESCRIPTION         
STAR Labs at Beihang University                             COMMENT             
FLASH Pro from STAR Labs @BUAA                              COMMENT             
  2023     1     1     0     0     0                        EPOCH OF FIRST MAP  
  2023     1     2     0     0     0                        EPOCH OF LAST MAP  
  3600                                                      INTERVAL            
    25                                                      # OF MAPS IN FILE   
  MSLM                                                      MAPPING FUNCTION    
Two-way carrier phase leveled to code                       OBSERVABLES USED    
   156                                                      # OF STATIONS       
    30                                                      # OF SATELLITES     
  6371.0                                                    BASE RADIUS         
     2                                                      MAP DIMENSION       
   450.0 450.0   0.0                                        HGT1 / HGT2 / DHGT  
    87.5 -87.5  -2.5                                        LAT1 / LAT2 / DLAT  
  -180.0 180.0   5.0                                        LON1 / LON2 / DLON  
    -1                                                      EXPONENT            
TEC/RMS values in 0.1 TECU; 9999, if no value available     COMMENT             
List of stations:                                           COMMENT             
abpo albh alg3 algo antc areq aspa auck badg baie bake bako COMMENT             
bamf barh bcov bill bjfs blyt bogt brew chan chil chpi chti COMMENT             
chu2 chum chur chwk cit1 clrs cmp9 cnmr coso crfp cro1 cusv COMMENT             
daej dgar dhlg dra3 dra4 drao dubo dund escu eur2 fair falk COMMENT             
frdn glps gode godz gol2 gold guam guug hlfx hnus holb holp COMMENT             
hrao hyde iisc ineg invk iqal iqqe jplm kokb kokv lbch mad2 COMMENT             
madr mana mayg mbar mcm4 mdo1 mfkg mkea monp morp mqzg mtka COMMENT             
nano nlib nrc1 nrmd nvsk opmt palm picl pie1 pimo pin1 pol2 COMMENT             
pove prd2 prd3 prds ptal qaq1 quad quin ramo rdsd riga riop COMMENT             
rock sask sbok sc04 sch2 scip scor sfdm she2 sthl stj2 stjo COMMENT             
suth svtl tabl tdou thu2 tidb torp trak tubi tukt uclu uldi COMMENT             
unbj usn7 usud vacs vald vndp wab2 wark wes2 wgtn whc1 whit COMMENT             
widc will wlsn wtza yel3 yell ykro yons zamb zeck zim2 zimm COMMENT             
                                                            END OF HEADER       
[from data line 7293]
    18                                                      START OF TEC MAP    
  2023     1     1    17     0     0                        EPOCH OF CURRENT MAP
    87.5-180.0 180.0   5.0 450.0                            LAT/LON1/LON2/DLON/H
   63   64   66   68   70   72   73   75   77   78   80   81   82   83   84   85
   86   86   86   86   86   86   86   85   84   83   82   81   79   78   76   75
   73   72   70   68   67   65   64   62   60   59   57   56   55   54   52   51
   50   50   49   48   48   47   47   47   47   47   47   48   48   49   49   50
   51   52   53   55   56   58   59   61   63
    85.0-180.0 180.0   5.0 450.0                            LAT/LON1/LON2/DLON/H
   53   56   59   63   66   70   73   76   80   83   86   89   91   94   96   97
   99   99  100  100   99   98   97   95   93   91   88   86   83   80   77   74
   71   68   65   63   60   57   55   52   50   48   45   43   41   40   38   36
   35   33   32   31   31   30   29   29   29   29   29   30   30   31   32   33
   34   36   38   40   42   45   47   50   53
    82.5-180.0 180.0   5.0 450.0                            LAT/LON1/LON2/DLON/H
   42   46   50   54   59   63   68   72   77   81   86   90   94   97  100  103
  105  106  106  106  105  104  101   98   95   91   87   82   78   74   69   66
   62   58   55   52   49   47   44   42   39   37   35   33   31   29   27   26
   24   23   22   21   20   19   19   19   18   18   19   19   19   20   20   21
   22   24   25   27   30   32   35   38   42
    80.0-180.0 180.0   5.0 450.0                            LAT/LON1/LON2/DLON/H
   33   37   41   45   50   55   59   64   69   74   80   85   90   94   99  102
  105  107  108  108  107  104  101   96   91   85   79   73   67   61   56   52
   48   45   42   40   38   36   35   33   32   30   29   27   26   24   23   22
   21   20   19   19   18   18   18   18   18   18   18   17   17   17   17   17
   17   18   19   20   22   24   26   30   33
    77.5-180.0 180.0   5.0 450.0                            LAT/LON1/LON2/DLON/H
   28   32   35   39   43   47   51   55   60   65   70   76   82   87   93   98
  103  106  108  109  108  105  100   94   87   79   71   62   54   48   42   37
   34   32   30   30   30   29   29   29   29   28   27   26   26   25   25   24
   24   24   24   24   24   24   25   25   25   26   26   25   25   24   23   22
   21   20   19   19   20   21   23   25   28
    75.0-180.0 180.0   5.0 450.0                            LAT/LON1/LON2/DLON/H
   29   32   35   38   40   43   45   48   52   56   61   66   73   80   87   94
  101  106  110  112  112  110  105   98   89   78   68   57   47   38   32   27
   24   23   23   24   26   27   28   29   30   30   30   30   30   30   30   31
   31   32   32   33   34   35   36   37   38   38   39   39   38   36   34   32
   29   27   25   23   23   23   24   27   29
    72.5-180.0 180.0   5.0 450.0                            LAT/LON1/LON2/DLON/H
   34   37   39   41   42   43   43   44   46   49   53   58   65   74   83   92
  102  110  117  122  124  122  118  111  100   88   75   61   49   38   30   24
   22   21   23   25   28   30   32   33   33   33   34   34   34   35   36   37
   39   40   41   42   43   44   46   47   49   51   52   52   52   50   47   44
   40   36   33   30   29   29   30   32   34
    70.0-180.0 180.0   5.0 450.0                            LAT/LON1/LON2/DLON/H
   42   45   47   47   47   46   44   43   43   45   48   54   62   72   83   95
  107  119  129  137  142  143  140  133  123  109   94   77   62   49   39   32
   28   28   29   31   34   36   37   37   37   36   36   36   36   38   39   41
   42   43   44   45   46   48   49   52   55   57   60   61   62   60   58   54
   49   44   39   36   34   34   36   39   42
    67.5-180.0 180.0   5.0 450.0                            LAT/LON1/LON2/DLON/H
   48   52   54   55   53   50   47   45   43   44   47   54   63   74   88  102
  117  132  145  156  164  169  169  164  154  140  123  105   87   71   58   48
   43   40   40   41   43   43   42   41   38   36   34   34   34   35   37   39
   40   41   41   42   42   43   45   48   52   56   60   63   64   64   62   58
   53   47   42   39   37   38   40   44   48
    65.0-180.0 180.0   5.0 450.0                            LAT/LON1/LON2/DLON/H
   52   57   59   60   58   54   50   47   45   46   50   57   68   81   96  113
  130  147  162  176  187  195  198  196  188  176  159  139  119  100   84   72
   63   57   54   53   51   49   46   42   37   33   29   28   27   28   30   32
   32   33   33   32   32   33   35   38   42   47   52   56   59   60   59   56
   51   46   41   37   36   38   42   47   52
    62.5-180.0 180.0   5.0 450.0                            LAT/LON1/LON2/DLON/H
   52   57   60   61   59   55   51   48   47   50   55   64   77   91  108  126
  144  162  178  193  206  216  223  224  219  209  194  175  154  133  114   97
   84   75   68   63   59   54   49   42   35   28   23   20   19   20   21   22
   23   23   22   21   20   21   23   25   30   34   40   45   49   51   51   49
   45   40   35   33   32   34   39   46   52
    60.0-180.0 180.0   5.0 450.0                            LAT/LON1/LON2/DLON/H
   48   54   57   58   56   53   50   49   51   55   63   73   87  104  121  140
  158  175  191  205  218  230  238  243  242  235  223  206  185  163  142  122
  105   91   80   72   65   58   51   42   33   25   18   14   13   14   15   16
   16   15   14   13   13   13   14   16   20   24   28   33   37   40   40   39
   36   33   29   27   27   30   35   41   48
    57.5-180.0 180.0   5.0 450.0                            LAT/LON1/LON2/DLON/H
   43   48   51   51   50   49   49   51   55   62   72   84   99  116  134  153
  170  186  200  212  224  234  244  250  253  250  242  228  209  188  166  144
  123  105   90   79   70   62   54   45   35   26   19   14   13   13   14   15
   15   14   13   13   13   14   15   16   17   20   22   25   28   31   32   31
   30   28   25   24   24   26   31   37   43
    55.0-180.0 180.0   5.0 450.0                            LAT/LON1/LON2/DLON/H
   38   41   43   44   44   45   48   53   61   71   82   95  111  128  146  164
  181  195  206  215  224  232  241  249  254  255  250  240  225  206  185  161
  138  117   99   85   75   68   61   52   43   34   26   21   20   20   21   22
   22   22   22   22   24   25   25   25   25   24   24   25   26   27   28   28
   28   27   25   24   25   26   29   33   38
    52.5-180.0 180.0   5.0 450.0                            LAT/LON1/LON2/DLON/H
   35   36   37   38   39   43   50   59   71   83   95  107  121  138  155  173
  189  202  211  217  223  229  236  243  249  252  250  244  233  218  198  175
  151  127  107   92   83   76   71   64   55   46   39   34   33   33   35   35
   36   36   37   39   42   44   44   43   40   37   34   32   30   30   29   30
   30   31   31   30   30   30   31   33   35
    50.0-180.0 180.0   5.0 450.0                            LAT/LON1/LON2/DLON/H
   36   35   34   34   37   43   54   69   84   97  109  120  131  145  162  180
  196  209  217  222  225  228  233  239  244  247  247  243  236  224  208  187
  163  138  117  101   92   87   83   78   70   61   54   49   48   49   51   51
   52   53   55   59   62   65   65   63   59   54   49   45   41   38   37   37
   38   39   40   41   40   39   37   37   36
    47.5-180.0 180.0   5.0 450.0                            LAT/LON1/LON2/DLON/H
   40   37   35   34   38   47   62   80   99  114  124  132  140  152  167  185
  202  216  225  230  232  234  237  240  243  245  244  242  237  229  217  199
  176  151  129  113  103   98   95   91   83   75   67   63   62   63   64   65
   65   67   70   74   78   81   81   79   75   70   65   59   54   50   47   47
   48   50   52   52   52   49   46   43   40
    45.0-180.0 180.0   5.0 450.0                            LAT/LON1/LON2/DLON/H
   45   41   38   37   42   53   71   94  115  131  140  145  150  158  172  189
  207  223  234  241  245  247  249  250  251  249  246  243  239  234  225  210
  190  166  143  126  115  109  105  100   92   83   76   72   71   71   72   71
   72   73   77   82   86   88   88   86   84   80   76   72   67   62   59   57
   58   60   62   63   62   59   55   50   45
    42.5-180.0 180.0   5.0 450.0                            LAT/LON1/LON2/DLON/H
   51   47   43   42   47   60   81  107  130  146  155  157  160  166  178  194
  212  230  245  255  262  266  268  268  265  259  253  247  243  239  233  222
  204  182  160  140  126  117  111  103   94   85   78   74   73   73   72   71
   71   73   77   82   85   86   85   84   83   83   82   80   77   73   69   67
   67   68   70   71   70   66   61   56   51
    40.0-180.0 180.0   5.0 450.0                            LAT/LON1/LON2/DLON/H
   55   52   49   48   53   67   90  117  143  160  168  170  172  178  188  202
  219  237  255  269  280  286  289  287  282  273  263  254  248  244  240  233
  219  199  177  156  138  124  113  103   92   83   77   74   73   71   69   66
   66   69   74   78   80   78   76   75   76   79   82   84   83   80   77   74
   73   73   74   75   73   69   64   60   55
    37.5-180.0 180.0   5.0 450.0                            LAT/LON1/LON2/DLON/H
   57   55   53   53   58   72   96  125  152  170  180  184  187  194  203  214
  228  245  263  281  294  303  306  304  297  287  274  262  254  250  248  243
  233  217  196  173  151  132  116  102   90   82   77   75   74   72   68   65
   65   70   76   79   78   73   68   67   69   74   80   84   86   85   83   80
   77   76   75   75   72   68   64   60   57
    35.0-180.0 180.0   5.0 450.0                            LAT/LON1/LON2/DLON/H
   56   56   56   57   63   77  101  131  158  178  190  197  206  215  223  231
  240  253  270  288  303  312  315  313  306  295  283  270  261  256  254  253
  247  236  218  194  168  144  123  106   94   87   85   85   85   82   77   73
   76   83   90   93   89   80   71   67   68   73   80   85   88   89   88   85
   82   79   76   73   70   65   61   58   56
    32.5-180.0 180.0   5.0 450.0                            LAT/LON1/LON2/DLON/H
   55   56   58   60   66   81  106  135  163  184  198  211  226  239  249  253
  256  263  276  292  306  313  314  312  306  298  288  278  269  264  263  264
  263  257  243  221  193  165  140  122  110  105  106  109  110  106  101   99
  103  113  123  125  117  104   91   83   80   82   86   89   92   93   93   91
   87   83   78   73   68   63   58   55   55
    30.0-180.0 180.0   5.0 450.0                            LAT/LON1/LON2/DLON/H
   53   55   58   62   70   86  111  141  168  189  206  224  246  266  277  277
  273  273  282  294  304  307  306  303  300  296  292  286  280  276  276  279
  283  284  275  255  227  197  171  151  140  137  141  147  150  148  143  142
  148  161  172  174  163  145  127  114  106  102  100   99   99  100  100   99
   95   90   83   77   70   63   57   54   53
    27.5-180.0 180.0   5.0 450.0                            LAT/LON1/LON2/DLON/H
   53   55   58   64   74   92  118  148  174  195  214  237  265  291  304  301
  291  285  288  295  301  299  294  290  290  294  297  298  297  295  296  301
  309  316  313  297  272  242  215  195  184  182  188  196  202  202  198  197
  206  220  232  232  219  197  175  157  142  131  121  114  111  110  110  109
  106  100   93   84   76   68   61   56   53
    25.0-180.0 180.0   5.0 450.0                            LAT/LON1/LON2/DLON/H
   56   56   59   66   79   99  127  158  184  203  222  248  282  312  327  323
  308  297  295  299  300  294  285  281  285  296  308  318  323  324  325  331
  343  354  356  346  324  296  269  249  236  233  239  249  258  259  256  256
  265  279  289  287  271  247  223  201  182  163  146  133  125  122  122  121
  118  112  105   96   86   77   69   61   56
    22.5-180.0 180.0   5.0 450.0                            LAT/LON1/LON2/DLON/H
   62   58   60   68   83  107  138  169  196  215  233  260  296  329  345  340
  323  308  304  306  304  295  285  282  290  308  330  348  358  362  364  371
  383  396  403  397  379  354  329  307  291  283  286  296  306  310  307  306
  312  323  330  325  307  283  259  237  215  192  169  151  140  135  133  131
  129  124  117  108   98   89   80   70   62
    20.0-180.0 180.0   5.0 450.0                            LAT/LON1/LON2/DLON/H
   68   61   61   70   88  115  148  182  210  229  247  273  308  342  358  353
  336  321  316  317  315  307  298  297  310  334  362  387  403  410  412  416
  427  440  448  445  431  410  386  361  339  325  321  329  338  343  340  336
  336  341  343  335  317  295  275  256  235  210  185  166  153  146  142  140
  137  133  127  118  109  100   91   80   68
    17.5-180.0 180.0   5.0 450.0                            LAT/LON1/LON2/DLON/H
   75   64   62   72   92  122  158  195  225  246  265  289  322  354  370  365
  349  335  331  334  335  329  324  328  345  373  406  434  454  462  463  464
  470  480  487  486  475  458  435  407  377  352  340  342  350  354  349  340
  333  330  326  315  299  281  267  254  237  215  192  174  162  154  148  144
  141  137  131  123  115  108  100   89   75
    15.0-180.0 180.0   5.0 450.0                            LAT/LON1/LON2/DLON/H
   80   68   65   75   97  129  167  206  240  266  287  310  339  368  383  380
  365  352  350  355  360  361  362  371  392  422  455  485  505  514  513  510
  509  513  516  515  508  494  472  440  402  367  344  338  342  343  335  320
  305  294  285  273  259  247  240  234  223  207  190  176  166  158  150  144
  139  136  131  123  115  110  105   95   80
    12.5-180.0 180.0   5.0 450.0                            LAT/LON1/LON2/DLON/H
   83   71   68   79  103  135  174  215  255  287  312  336  362  387  401  400
  387  376  374  381  390  398  407  422  445  475  506  533  552  560  557  548
  541  536  535  533  528  518  497  463  418  372  339  323  321  318  305  285
  264  247  234  222  212  207  206  206  201  191  181  173  167  159  149  140
  134  131  125  117  110  106  103   96   83
    10.0-180.0 180.0   5.0 450.0                            LAT/LON1/LON2/DLON/H
   84   74   73   86  110  142  180  223  268  308  339  365  389  412  426  427
  418  407  404  410  423  437  454  475  499  525  551  574  590  596  590  577
  562  551  545  542  540  533  514  479  429  376  333  308  298  290  274  249
  224  205  192  183  178  177  179  182  180  175  170  168  165  157  145  134
  127  123  118  108  100   97   98   94   84
     7.5-180.0 180.0   5.0 450.0                            LAT/LON1/LON2/DLON/H
   84   77   79   95  121  152  187  230  279  327  367  395  419  441  457  462
  455  444  438  442  456  476  499  523  547  568  588  604  617  620  613  596
  576  560  551  548  548  544  527  492  442  385  336  303  285  271  252  227
  202  184  175  171  170  170  172  173  170  166  164  165  164  156  142  129
  122  118  111  100   90   87   89   90   84
     5.0-180.0 180.0   5.0 450.0                            LAT/LON1/LON2/DLON/H
   83   80   87  107  135  163  195  236  288  344  390  423  447  469  489  499
  497  486  476  476  488  511  537  563  585  601  613  624  632  635  626  608
  586  567  558  556  558  556  541  509  461  404  352  314  289  270  250  227
  207  195  193  195  196  195  191  185  177  169  166  168  167  158  142  127
  120  117  109   96   83   79   82   86   83
     2.5-180.0 180.0   5.0 450.0                            LAT/LON1/LON2/DLON/H
   85   86   97  121  150  177  204  242  295  356  408  444  469  493  517  534
  538  527  514  509  519  541  568  594  612  623  629  635  640  642  634  617
  596  578  571  572  575  572  558  529  486  434  383  341  311  289  271  253
  241  238  243  250  252  246  234  217  199  185  178  177  174  163  146  131
  124  121  114  100   84   77   80   84   85
