data/电离层参数/2023-11-27/合并文件20231127-185126.txt
     1.0            IONOSPHERE MAPS     GNSS                IONEX VERSION / TYPE
IRIS V2.0           IRIS                06-Jan-23 06:28     PGM / RUN BY / DATE 
BUAA'S GLOBAL IONOSPHERE MAPS FOR DAY 001, 2023             COMMENT             
Contact address: Cheng WANG, acheng@buaa.edu.cn             DESCRIPTION         
Web page:        http://ionosphere.cn                       DESCRIPTION         
STAR Labs at Beihang University                             COMMENT             
FLASH Pro from STAR Labs @BUAA                              COMMENT             
  2023     1     1     0     0     0                        EPOCH OF FIRST MAP  
  2023     1     2     0     0     0                        EPOCH OF LAST MAP  
  3600                                                      INTERVAL            
    25                                                      # OF MAPS IN FILE   
  MSLM                                                      MAPPING FUNCTION    
Two-way carrier phase leveled to code                       OBSERVABLES USED    
   156                                                      # OF STATIONS       
    30                                                      # OF SATELLITES     
  6371.0                                                    BASE RADIUS         
     2                                                      MAP DIMENSION       
   450.0 450.0   0.0                                        HGT1 / HGT2 / DHGT  
    87.5 -87.5  -2.5                                        LAT1 / LAT2 / DLAT  
  -180.0 180.0   5.0                                        LON1 / LON2 / DLON  
    -1                                                      EXPONENT            
TEC/RMS values in 0.1 TECU; 9999, if no value available     COMMENT             
List of stations:                                           COMMENT             
abpo albh alg3 algo antc areq aspa auck badg baie bake bako COMMENT             
bamf barh bcov bill bjfs blyt bogt brew chan chil chpi chti COMMENT             
chu2 chum chur chwk cit1 clrs cmp9 cnmr coso crfp cro1 cusv COMMENT             
daej dgar dhlg dra3 dra4 drao dubo dund escu eur2 fair falk COMMENT             
frdn glps gode godz gol2 gold guam guug hlfx hnus holb holp COMMENT             
hrao hyde iisc ineg invk iqal iqqe jplm kokb kokv lbch mad2 COMMENT             
madr mana mayg mbar mcm4 mdo1 mfkg mkea monp morp mqzg mtka COMMENT             
nano nlib nrc1 nrmd nvsk opmt palm picl pie1 pimo pin1 pol2 COMMENT             
pove prd2 prd3 prds ptal qaq1 quad quin ramo rdsd riga riop COMMENT             
rock sask sbok sc04 sch2 scip scor sfdm she2 sthl stj2 stjo COMMENT             
suth svtl tabl tdou thu2 tidb torp trak tubi tukt uclu uldi COMMENT             
unbj usn7 usud vacs vald vndp wab2 wark wes2 wgtn whc1 whit COMMENT             
widc will wlsn wtza yel3 yell ykro yons zamb zeck zim2 zimm COMMENT             
                                                            END OF HEADER       
[from data line 8151]
    20                                                      START OF TEC MAP    
  2023     1     1    19     0     0                        EPOCH OF CURRENT MAP
    87.5-180.0 180.0   5.0 450.0                            LAT/LON1/LON2/DLON/H
   88   91   94   96   99  102  105  108  110  113  116  118  120  122  124  126
  127  128  129  129  130  130  129  129  128  127  125  124  122  120  117  115
  112  110  107  104  101   99   96   93   90   87   85   82   80   78   76   74
   72   71   69   68   67   66   66   65   65   65   66   66   67   68   69   70
   71   73   75   77   79   81   83   86   88
    85.0-180.0 180.0   5.0 450.0                            LAT/LON1/LON2/DLON/H
   74   79   84   88   93   99  104  109  114  120  125  130  134  139  142  146
  149  151  153  154  154  154  153  152  150  147  144  141  137  133  129  124
  119  114  109  103   98   93   87   82   77   73   68   64   60   57   54   51
   48   46   44   42   41   40   39   38   38   38   38   39   40   41   43   45
   47   49   52   55   59   62   66   70   74
    82.5-180.0 180.0   5.0 450.0                            LAT/LON1/LON2/DLON/H
   60   65   70   76   82   88   95  102  109  117  124  132  139  145  151  156
  161  164  166  167  167  166  165  162  159  155  151  146  141  135  129  123
  117  110  103   96   89   82   75   69   63   57   52   47   43   39   36   34
   31   29   27   26   24   23   22   21   21   20   20   21   21   23   24   26
   29   32   35   39   43   47   51   55   60
    80.0-180.0 180.0   5.0 450.0                            LAT/LON1/LON2/DLON/H
   49   53   57   62   67   74   81   89   97  106  116  125  135  144  151  158
  163  167  169  169  168  166  163  158  154  148  143  138  132  126  120  114
  107  100   92   85   77   69   62   55   48   43   38   34   31   28   27   25
   24   23   22   22   20   19   18   16   15   14   13   13   13   14   15   17
   20   23   27   30   34   37   41   45   49
    77.5-180.0 180.0   5.0 450.0                            LAT/LON1/LON2/DLON/H
   43   45   47   50   53   58   64   72   81   91  103  114  126  137  147  155
  161  164  165  164  160  155  149  143  136  130  123  118  113  108  103   98
   92   86   79   72   65   57   49   43   37   32   28   26   24   24   25   26
   27   28   28   28   27   26   24   21   19   16   14   13   13   13   14   17
   20   23   27   30   34   37   39   41   43
    75.0-180.0 180.0   5.0 450.0                            LAT/LON1/LON2/DLON/H
   44   43   42   42   43   45   50   57   66   77   90  103  117  131  142  151
  158  160  160  156  149  140  131  121  112  104   97   92   88   85   82   80
   76   72   67   60   53   46   39   33   28   24   22   21   22   25   28   32
   35   39   41   42   41   39   36   32   28   24   21   19   17   18   19   22
   25   29   34   37   41   43   44   44   44
    72.5-180.0 180.0   5.0 450.0                            LAT/LON1/LON2/DLON/H
   49   46   42   39   37   38   41   47   56   68   82   97  113  129  142  153
  159  161  158  151  141  128  114  100   88   78   71   66   64   63   63   62
   61   59   55   50   44   38   32   26   22   19   19   20   23   28   33   39
   45   50   54   55   55   53   49   44   38   33   28   25   23   23   25   29
   33   39   44   48   52   53   53   52   49
    70.0-180.0 180.0   5.0 450.0                            LAT/LON1/LON2/DLON/H
   56   51   46   41   38   37   39   45   54   67   82   99  117  134  149  161
  168  170  165  155  141  124  105   87   72   60   52   47   45   46   48   49
   50   49   46   42   37   31   26   21   18   16   16   19   23   29   36   43
   51   57   61   63   63   60   56   50   43   37   32   29   27   28   30   35
   40   47   53   58   62   64   63   61   56
    67.5-180.0 180.0   5.0 450.0                            LAT/LON1/LON2/DLON/H
   62   57   51   47   44   43   46   52   62   75   91  109  128  147  164  177
  185  186  181  169  152  131  109   88   70   55   45   40   38   38   39   41
   41   41   38   35   30   26   21   18   15   14   14   16   20   26   33   41
   49   55   60   63   62   60   55   49   42   36   31   28   27   28   32   37
   44   51   58   64   68   69   69   66   62
    65.0-180.0 180.0   5.0 450.0                            LAT/LON1/LON2/DLON/H
   63   59   56   53   53   55   60   68   78   92  108  127  146  166  183  197
  206  209  203  191  173  150  126  103   82   66   54   46   41   40   39   38
   37   35   32   28   24   20   17   15   13   12   12   13   15   19   25   32
   40   46   51   53   53   51   46   41   35   30   26   24   24   26   30   35
   42   50   57   62   67   69   69   66   63
    62.5-180.0 180.0   5.0 450.0                            LAT/LON1/LON2/DLON/H
   59   58   58   60   64   70   78   88  101  115  131  149  168  187  204  219
  229  233  229  218  200  178  153  129  108   90   75   65   56   50   45   40
   35   31   26   22   19   16   15   13   12   11   10    9    9   11   14   20
   26   32   37   39   40   37   34   29   25   22   19   18   19   22   26   31
   37   44   50   55   59   61   61   61   59
    60.0-180.0 180.0   5.0 450.0                            LAT/LON1/LON2/DLON/H
   51   54   59   65   75   85   98  111  125  139  155  171  189  206  224  239
  250  255  253  243  227  207  185  163  142  123  107   92   79   67   56   46
   37   29   23   18   16   14   14   14   14   13   10    7    4    3    5    8
   14   19   24   27   27   25   23   20   17   15   15   15   16   18   22   26
   31   36   40   44   47   49   50   50   51
    57.5-180.0 180.0   5.0 450.0                            LAT/LON1/LON2/DLON/H
   42   49   58   70   85  101  117  132  147  162  176  191  206  222  238  253
  264  270  270  263  250  234  215  196  178  160  142  124  106   88   71   55
   42   31   24   19   16   16   17   19   19   18   14    9    4    0    0    3
    8   13   18   21   21   20   18   16   15   14   15   16   17   18   20   23
   25   28   31   33   35   36   37   38   42
    55.0-180.0 180.0   5.0 450.0                            LAT/LON1/LON2/DLON/H
   35   45   59   76   95  114  133  150  166  180  192  205  218  233  247  261
  272  279  280  275  265  252  238  224  209  194  176  155  133  110   87   67
   50   38   29   24   22   23   25   27   27   26   22   15    9    5    4    6
   11   17   22   25   25   24   22   21   20   20   21   22   23   23   23   23
   24   25   26   26   26   26   27   29   35
    52.5-180.0 180.0   5.0 450.0                            LAT/LON1/LON2/DLON/H
   33   45   62   83  105  127  147  164  179  192  203  214  226  238  251  263
  274  280  282  278  271  262  252  243  234  221  204  183  157  130  104   80
   62   49   40   36   34   34   35   37   38   37   33   26   20   15   15   18
   24   31   36   38   38   37   35   34   33   33   33   33   33   32   31   29
   28   27   26   24   23   22   22   26   33
    50.0-180.0 180.0   5.0 450.0                            LAT/LON1/LON2/DLON/H
   37   51   70   92  116  138  158  175  188  199  208  218  229  240  252  263
  272  277  278  275  269  263  258  255  250  241  227  205  178  148  120   95
   76   63   55   51   48   48   48   49   50   49   45   40   34   31   31   36
   43   50   55   57   57   55   53   51   50   49   49   48   47   44   42   39
   36   34   32   29   27   25   25   29   37
    47.5-180.0 180.0   5.0 450.0                            LAT/LON1/LON2/DLON/H
   47   62   81  104  128  150  168  183  194  203  211  221  231  242  252  262
  269  273  273  270  265  261  259  260  260  255  243  222  195  164  134  109
   90   78   71   67   64   61   60   59   59   59   56   52   48   46   48   54
   62   69   73   75   75   73   71   69   67   66   64   63   61   58   55   51
   48   45   42   39   36   34   34   38   47
    45.0-180.0 180.0   5.0 450.0                            LAT/LON1/LON2/DLON/H
   61   76   96  119  142  162  179  191  199  207  215  224  234  245  255  263
  268  271  270  266  262  259  260  264  268  266  255  236  208  178  148  122
  103   91   85   81   77   73   69   67   66   66   64   62   59   59   62   68
   75   82   86   87   86   85   83   82   80   79   77   75   73   70   67   63
   60   57   54   51   48   47   47   51   61
    42.5-180.0 180.0   5.0 450.0                            LAT/LON1/LON2/DLON/H
   76   91  111  133  155  175  190  200  208  214  221  230  241  251  260  266
  270  272  271  268  264  262  265  270  276  275  266  247  220  189  159  132
  112  100   94   90   86   80   75   71   70   69   69   67   65   65   69   75
   81   86   89   89   89   88   88   88   87   86   85   83   82   80   77   74
   70   67   64   62   60   59   60   66   76
    40.0-180.0 180.0   5.0 450.0                            LAT/LON1/LON2/DLON/H
   89  105  125  147  168  187  202  212  219  226  233  242  252  262  269  273
  276  277  276  275  272  272  275  281  286  285  275  256  230  199  167  139
  117  103   97   93   90   84   78   74   72   72   71   70   68   68   71   75
   80   83   84   83   83   84   86   87   88   87   87   87   87   86   84   80
   77   74   71   68   67   68   71   78   89
    37.5-180.0 180.0   5.0 450.0                            LAT/LON1/LON2/DLON/H
  100  117  137  158  180  199  214  226  235  242  249  258  267  275  281  283
  284  284  286  287  286  287  290  295  298  296  284  264  238  207  175  144
  119  103   96   93   92   88   83   79   77   76   75   73   70   69   71   74
   77   77   76   74   73   75   79   82   84   85   85   86   88   88   86   83
   80   76   73   70   70   72   77   87  100
    35.0-180.0 180.0   5.0 450.0                            LAT/LON1/LON2/DLON/H
  108  126  147  168  190  210  227  242  253  262  269  276  285  292  295  295
  293  294  298  301  304  305  307  310  311  305  292  271  245  215  182  149
  120  102   95   94   95   94   92   89   87   86   84   80   77   75   75   77
   78   76   72   68   67   69   73   77   80   82   83   85   87   88   87   84
   80   75   71   68   68   72   80   92  108
    32.5-180.0 180.0   5.0 450.0                            LAT/LON1/LON2/DLON/H
  114  135  156  177  198  219  239  258  272  282  289  296  303  308  310  307
  304  304  310  317  322  324  324  324  322  313  298  277  253  224  192  157
  127  107   99  100  105  107  108  107  106  104  100   95   91   89   89   90
   90   87   81   74   69   70   73   77   80   81   82   84   87   88   86   83
   78   73   68   65   64   69   79   95  114
    30.0-180.0 180.0   5.0 450.0                            LAT/LON1/LON2/DLON/H
  120  144  166  187  208  229  251  273  291  302  309  313  319  325  326  322
  316  315  321  331  337  339  338  335  330  320  303  284  262  238  208  174
  143  122  114  117  124  130  134  135  134  131  125  119  114  113  114  116
  117  112  104   93   85   82   82   85   86   85   85   86   88   88   87   83
   78   73   67   62   60   65   78   98  120
    27.5-180.0 180.0   5.0 450.0                            LAT/LON1/LON2/DLON/H
  128  154  178  199  219  240  264  288  308  320  325  328  333  340  342  338
  330  327  333  343  350  351  347  343  337  326  311  294  277  258  232  201
  171  151  143  146  153  161  167  170  169  165  157  150  146  146  149  153
  155  150  140  126  113  104  101  100   98   95   93   92   92   91   89   85
   81   76   69   62   59   64   79  102  128
    25.0-180.0 180.0   5.0 450.0                            LAT/LON1/LON2/DLON/H
  137  166  192  214  234  255  279  304  325  336  338  339  345  355  360  357
  347  342  345  355  361  360  356  351  346  337  325  312  300  286  267  241
  213  193  185  186  191  198  204  208  207  201  192  185  181  183  188  194
  198  194  183  165  148  134  126  120  115  109  104  101   99   96   92   88
   86   82   75   67   61   65   81  107  137
    22.5-180.0 180.0   5.0 450.0                            LAT/LON1/LON2/DLON/H
  148  180  209  233  254  274  297  322  342  352  351  350  356  370  381  380
  370  361  362  369  373  371  366  363  361  357  349  340  333  325  311  290
  266  247  237  233  233  236  240  243  241  234  224  216  214  217  224  231
  236  234  223  204  182  164  152  143  134  125  117  111  106  101   96   93
   92   90   85   75   67   70   87  115  148
    20.0-180.0 180.0   5.0 450.0                            LAT/LON1/LON2/DLON/H
  159  194  226  254  277  299  321  344  363  370  366  363  370  389  406  409
  399  387  384  388  391  389  384  384  388  389  386  380  376  372  362  345
  325  306  292  281  273  269  270  271  268  258  247  239  237  241  248  256
  261  261  250  231  209  189  174  162  150  139  128  120  113  106  100   97
   98   99   95   85   76   77   94  124  159
    17.5-180.0 180.0   5.0 450.0                            LAT/LON1/LON2/DLON/H
  170  207  243  276  304  328  350  372  389  394  388  382  390  413  436  444
  435  421  414  416  418  415  414  418  428  435  435  431  427  423  415  400
  382  363  345  325  307  295  290  288  283  272  260  252  249  252  257  263
  268  268  260  243  222  203  187  174  161  148  136  127  118  109  102   99
  102  105  103   93   84   85  102  133  170
    15.0-180.0 180.0   5.0 450.0                            LAT/LON1/LON2/DLON/H
  178  218  258  298  332  360  383  404  421  425  418  410  418  444  472  484
  476  461  452  452  454  453  455  465  480  491  493  488  481  474  464  450
  433  413  389  361  333  311  300  295  288  276  263  254  250  250  252  254
  257  257  251  238  221  205  191  178  165  151  139  129  120  110  100   97
  101  107  107   99   91   93  111  141  178
    12.5-180.0 180.0   5.0 450.0                            LAT/LON1/LON2/DLON/H
  185  225  269  316  359  392  417  439  456  462  456  448  455  481  512  527
  520  505  496  496  499  501  507  521  540  553  553  544  532  519  505  489
  472  451  424  388  351  321  304  295  287  274  260  250  245  241  238  236
  235  234  229  220  209  198  188  176  163  149  138  129  120  108   97   92
   96  103  105  100   94   99  119  150  185
    10.0-180.0 180.0   5.0 450.0                            LAT/LON1/LON2/DLON/H
  191  230  277  330  381  420  448  471  492  502  499  492  498  522  553  570
  566  552  543  544  549  554  563  580  599  611  607  592  573  554  536  517
  499  478  449  409  365  328  306  294  284  271  257  247  240  234  227  219
  214  210  205  200  193  188  181  171  158  145  135  127  118  106   93   86
   88   96  100   97   96  104  127  157  191
     7.5-180.0 180.0   5.0 450.0                            LAT/LON1/LON2/DLON/H
  197  233  281  340  397  441  472  497  522  539  542  538  542  563  592  610
  608  597  590  592  599  606  617  633  650  657  647  626  601  577  555  535
  517  497  468  426  379  339  313  298  287  273  261  251  245  237  226  215
  204  196  190  185  182  180  176  167  153  141  132  126  118  106   91   82
   82   87   92   93   96  110  135  166  197
     5.0-180.0 180.0   5.0 450.0                            LAT/LON1/LON2/DLON/H
  204  236  283  345  406  453  485  512  542  567  579  579  583  600  625  643
  644  636  631  635  643  651  661  674  685  685  669  642  614  589  566  547
  530  512  485  446  399  357  328  311  298  285  275  268  262  255  244  230
  215  201  190  183  180  180  176  167  153  140  133  128  122  110   94   83
   79   82   86   89   97  117  145  176  204
     2.5-180.0 180.0   5.0 450.0                            LAT/LON1/LON2/DLON/H
  211  240  285  347  409  456  486  513  548  583  605  611  614  627  649  666
  670  666  664  669  677  684  691  698  702  693  672  644  617  594  574  557
  542  527  505  469  425  383  352  332  319  308  300  296  294  289  279  264
  246  227  209  197  191  189  184  173  158  145  138  135  130  119  104   91
   84   83   85   90  102  126  157  187  211
