data/电离层参数/2023-11-27/合并文件20231127-185126.txt
     1.0            IONOSPHERE MAPS     GNSS                IONEX VERSION / TYPE
IRIS V2.0           IRIS                06-Jan-23 06:28     PGM / RUN BY / DATE 
BUAA'S GLOBAL IONOSPHERE MAPS FOR DAY 001, 2023             COMMENT             
Contact address: Cheng WANG, acheng@buaa.edu.cn             DESCRIPTION         
Web page:        http://ionosphere.cn                       DESCRIPTION         
STAR Labs at Beihang University                             COMMENT             
FLASH Pro from STAR Labs @BUAA                              COMMENT             
  2023     1     1     0     0     0                        EPOCH OF FIRST MAP  
  2023     1     2     0     0     0                        EPOCH OF LAST MAP  
  3600                                                      INTERVAL            
    25                                                      # OF MAPS IN FILE   
  MSLM                                                      MAPPING FUNCTION    
Two-way carrier phase leveled to code                       OBSERVABLES USED    
   156                                                      # OF STATIONS       
    30                                                      # OF SATELLITES     
  6371.0                                                    BASE RADIUS         
     2                                                      MAP DIMENSION       
   450.0 450.0   0.0                                        HGT1 / HGT2 / DHGT  
    87.5 -87.5  -2.5                                        LAT1 / LAT2 / DLAT  
  -180.0 180.0   5.0                                        LON1 / LON2 / DLON  
    -1                                                      EXPONENT            
TEC/RMS values in 0.1 TECU; 9999, if no value available     COMMENT             
List of stations:                                           COMMENT             
abpo albh alg3 algo antc areq aspa auck badg baie bake bako COMMENT             
bamf barh bcov bill bjfs blyt bogt brew chan chil chpi chti COMMENT             
chu2 chum chur chwk cit1 clrs cmp9 cnmr coso crfp cro1 cusv COMMENT             
daej dgar dhlg dra3 dra4 drao dubo dund escu eur2 fair falk COMMENT             
frdn glps gode godz gol2 gold guam guug hlfx hnus holb holp COMMENT             
hrao hyde iisc ineg invk iqal iqqe jplm kokb kokv lbch mad2 COMMENT             
madr mana mayg mbar mcm4 mdo1 mfkg mkea monp morp mqzg mtka COMMENT             
nano nlib nrc1 nrmd nvsk opmt palm picl pie1 pimo pin1 pol2 COMMENT             
pove prd2 prd3 prds ptal qaq1 quad quin ramo rdsd riga riop COMMENT             
rock sask sbok sc04 sch2 scip scor sfdm she2 sthl stj2 stjo COMMENT             
suth svtl tabl tdou thu2 tidb torp trak tubi tukt uclu uldi COMMENT             
unbj usn7 usud vacs vald vndp wab2 wark wes2 wgtn whc1 whit COMMENT             
widc will wlsn wtza yel3 yell ykro yons zamb zeck zim2 zimm COMMENT             
                                                            END OF HEADER       
[from data line 10296]
    25                                                      START OF TEC MAP    
  2023     1     2     0     0     0                        EPOCH OF CURRENT MAP
    87.5-180.0 180.0   5.0 450.0                            LAT/LON1/LON2/DLON/H
  107  107  107  108  108  108  109  109  110  110  111  111  111  112  112  113
  113  113  114  114  114  114  114  115  115  115  115  115  115  115  115  115
  115  115  115  114  114  114  114  114  114  114  114  114  114  114  114  113
  113  113  113  113  112  112  112  111  111  111  110  110  109  109  109  108
  108  108  107  107  107  107  107  107  107
    85.0-180.0 180.0   5.0 450.0                            LAT/LON1/LON2/DLON/H
   99  100  100  101  102  103  105  106  107  108  109  110  111  111  112  113
  113  114  114  114  114  114  114  114  114  114  114  114  114  113  113  113
  112  112  112  111  111  111  110  110  110  110  110  110  110  110  110  110
  110  110  110  110  110  109  109  108  107  107  106  105  104  103  102  101
  100  100   99   99   98   98   98   99   99
    82.5-180.0 180.0   5.0 450.0                            LAT/LON1/LON2/DLON/H
   92   93   95   97   99  101  104  106  107  109  110  112  112  113  113  113
  113  113  113  113  113  113  113  112  112  112  111  111  110  109  109  108
  107  106  105  104  103  103  102  101  101  101  101  101  101  102  103  103
  104  104  104  105  104  104  103  103  101  100   99   98   96   95   94   93
   92   91   90   90   90   90   90   91   92
    80.0-180.0 180.0   5.0 450.0                            LAT/LON1/LON2/DLON/H
   90   92   95   98  102  105  108  111  114  115  116  117  116  116  115  113
  112  111  110  109  109  109  108  108  108  107  107  106  105  104  103  102
  101   99   98   96   94   93   91   90   89   88   88   88   89   90   91   92
   94   95   95   96   96   96   95   94   92   91   90   88   87   86   85   85
   84   84   84   84   84   85   86   88   90
    77.5-180.0 180.0   5.0 450.0                            LAT/LON1/LON2/DLON/H
   94   97  101  106  111  116  120  124  126  127  126  125  122  119  115  111
  108  105  103  102  101  101  101  102  102  102  101  101  100   99   98   96
   95   93   90   88   85   83   80   77   75   74   73   73   74   75   77   80
   82   84   85   86   86   85   84   82   81   79   78   77   77   77   78   79
   80   81   83   84   85   87   89   91   94
    75.0-180.0 180.0   5.0 450.0                            LAT/LON1/LON2/DLON/H
  105  109  114  120  126  132  138  141  143  143  140  135  128  120  112  105
   99   95   92   91   91   92   93   94   95   95   95   95   95   94   93   92
   90   88   85   82   78   74   70   66   63   60   59   58   59   61   64   68
   71   73   75   76   75   74   72   69   67   66   65   66   67   70   73   77
   81   85   89   92   94   97   99  102  105
    72.5-180.0 180.0   5.0 450.0                            LAT/LON1/LON2/DLON/H
  122  126  131  137  145  152  158  162  163  160  154  144  133  120  107   96
   87   81   78   78   79   81   83   86   88   89   90   90   90   89   88   87
   86   84   81   77   73   68   63   57   52   49   46   46   47   50   53   58
   62   66   68   68   67   64   61   57   54   53   53   56   60   67   74   82
   90   97  103  108  112  114  116  119  122
    70.0-180.0 180.0   5.0 450.0                            LAT/LON1/LON2/DLON/H
  141  144  148  155  162  170  177  181  181  176  167  153  136  118  100   86
   74   67   64   65   67   71   75   79   82   84   85   85   85   84   84   83
   82   80   77   73   69   63   57   50   45   40   37   36   38   41   46   51
   57   61   64   64   62   57   52   47   44   43   45   50   58   69   81   93
  105  116  125  131  135  138  139  139  141
    67.5-180.0 180.0   5.0 450.0                            LAT/LON1/LON2/DLON/H
  160  161  164  169  176  185  192  196  195  189  177  159  138  116   95   77
   64   56   53   55   59   64   70   74   77   79   79   79   79   79   78   77
   76   75   72   69   64   58   52   45   39   34   31   30   31   35   41   47
   54   59   62   62   58   53   46   40   36   37   41   49   62   77   94  110
  126  140  151  158  162  163  162  161  160
    65.0-180.0 180.0   5.0 450.0                            LAT/LON1/LON2/DLON/H
  177  175  176  179  186  193  200  204  204  197  184  164  141  117   93   74
   59   51   49   51   56   61   66   70   72   73   73   73   73   72   71   70
   68   67   65   62   58   53   47   41   35   31   28   27   28   31   37   44
   52   58   61   60   56   49   41   35   32   34   42   54   71   91  111  132
  151  166  178  185  188  187  184  180  177
    62.5-180.0 180.0   5.0 450.0                            LAT/LON1/LON2/DLON/H
  191  187  186  187  191  197  203  207  206  200  187  168  146  121   98   78
   63   55   52   53   56   60   63   65   66   66   66   66   65   64   62   60
   58   57   56   54   51   47   42   38   33   29   27   26   26   29   34   41
   48   54   58   58   53   46   38   32   30   35   46   63   84  108  132  155
  175  191  203  209  210  208  203  197  191
    60.0-180.0 180.0   5.0 450.0                            LAT/LON1/LON2/DLON/H
  205  200  196  196  197  201  204  207  205  199  188  172  153  131  110   90
   76   66   61   60   60   61   60   59   58   58   58   58   57   55   52   49
   47   46   45   45   43   41   38   35   32   30   28   27   26   27   30   36
   43   49   53   53   49   41   33   29   30   38   53   74   98  125  151  175
  196  212  223  228  228  224  219  212  205
    57.5-180.0 180.0   5.0 450.0                            LAT/LON1/LON2/DLON/H
  221  216  212  209  208  207  207  206  203  198  189  177  162  145  126  109
   93   81   73   68   64   60   56   51   48   48   48   50   50   48   44   39
   36   35   36   38   38   37   35   34   33   32   32   30   28   26   27   30
   36   43   47   48   43   36   29   26   30   41   59   83  110  138  165  190
  211  227  236  241  240  237  232  226  221
    55.0-180.0 180.0   5.0 450.0                            LAT/LON1/LON2/DLON/H
  239  237  233  230  225  221  216  211  204  197  189  181  171  160  145  129
  112   97   85   75   67   59   50   43   38   38   40   43   44   42   37   32
   28   28   31   35   37   37   36   35   36   37   38   36   33   28   26   27
   32   38   43   44   40   33   27   25   30   44   65   90  118  147  174  198
  219  234  244  249  249  247  244  242  239
    52.5-180.0 180.0   5.0 450.0                            LAT/LON1/LON2/DLON/H
  262  263  261  257  251  243  233  221  210  199  191  185  180  173  163  147
  129  110   94   80   68   56   45   35   30   30   35   40   43   41   35   28
   25   27   32   38   42   42   40   39   41   44   46   45   41   34   30   29
   32   38   43   44   40   33   28   27   33   48   69   95  122  148  174  198
  219  236  247  253  256  257  258  260  262
    50.0-180.0 180.0   5.0 450.0                            LAT/LON1/LON2/DLON/H
  285  290  291  288  281  270  256  239  221  206  195  190  187  184  176  161
  140  119   99   83   69   57   44   33   27   28   34   41   45   43   37   30
   27   31   40   48   53   52   48   46   48   52   56   57   52   45   39   37
   40   45   49   50   46   40   34   33   40   54   74   98  122  146  170  193
  215  233  247  256  262  267  272  279  285
    47.5-180.0 180.0   5.0 450.0                            LAT/LON1/LON2/DLON/H
  305  312  316  315  309  298  282  261  238  217  201  194  192  191  184  169
  148  124  104   87   74   62   49   38   32   33   40   48   53   50   43   36
   35   41   53   63   67   64   58   54   55   61   67   70   66   60   54   52
   54   59   62   62   58   52   46   45   51   63   81  101  121  141  163  185
  207  228  246  259  269  277  286  296  305
    45.0-180.0 180.0   5.0 450.0                            LAT/LON1/LON2/DLON/H
  317  325  330  331  328  320  305  284  257  231  210  198  195  194  189  175
  153  130  110   96   85   75   63   52   45   45   51   59   63   60   53   46
   46   55   69   80   83   77   68   61   62   69   78   82   81   76   72   71
   73   77   79   78   74   67   62   61   65   76   91  107  123  139  157  178
  200  223  244  261  275  287  298  308  317
    42.5-180.0 180.0   5.0 450.0                            LAT/LON1/LON2/DLON/H
  318  323  327  331  332  330  321  303  276  246  220  204  198  196  192  180
  161  140  123  111  103   94   83   71   63   61   65   72   75   71   64   58
   59   70   84   95   96   87   74   66   67   76   86   92   93   90   88   89
   92   94   95   92   88   83   79   78   82   92  104  118  130  143  157  175
  196  220  243  265  282  295  305  312  318
    40.0-180.0 180.0   5.0 450.0                            LAT/LON1/LON2/DLON/H
  309  308  310  315  321  326  326  315  292  262  232  211  202  200  197  189
  174  157  142  132  125  117  105   93   83   79   80   84   85   82   75   70
   72   82   96  105  103   91   76   68   70   80   91   98  100   99  100  102
  105  106  104  100   97   94   92   93   98  107  120  133  144  154  165  179
  198  220  245  269  288  301  308  309  309
    37.5-180.0 180.0   5.0 450.0                            LAT/LON1/LON2/DLON/H
  294  287  285  290  300  312  321  319  303  276  245  221  208  205  205  201
  191  178  165  155  146  135  122  109   99   94   93   94   93   89   83   79
   82   91  102  108  103   89   74   66   70   81   93   99  101  101  103  106
  109  107  103   99   97   97   99  102  109  121  135  151  163  173  182  192
  206  225  250  275  296  308  309  303  294
    35.0-180.0 180.0   5.0 450.0                            LAT/LON1/LON2/DLON/H
  284  271  265  268  278  295  310  318  310  288  259  232  216  212  215  216
  210  199  186  172  158  143  128  116  108  103  102  100   98   94   90   87
   88   95  103  105   97   82   68   63   69   81   92   96   95   94   97  101
  102   98   92   87   88   92   98  104  114  130  149  170  186  198  206  213
  223  238  260  286  307  317  314  300  284
    32.5-180.0 180.0   5.0 450.0                            LAT/LON1/LON2/DLON/H
  290  274  265  264  271  286  304  317  317  302  275  247  227  222  225  229
  226  215  198  178  157  138  121  111  108  107  106  104  100   96   93   91
   92   95   99   98   89   74   63   61   69   81   89   90   86   83   84   88
   88   82   74   69   73   81   90  100  114  134  160  188  210  226  236  242
  248  259  279  304  325  334  328  310  290
    30.0-180.0 180.0   5.0 450.0                            LAT/LON1/LON2/DLON/H
  322  308  298  291  290  296  309  323  329  319  296  266  242  233  234  238
  234  219  196  169  142  119  103   99  103  108  110  107  102   98   96   94
   93   95   95   92   82   69   60   61   70   82   88   85   77   71   70   72
   71   64   55   51   57   68   80   93  110  136  169  204  234  255  269  276
  281  290  308  332  354  364  357  340  322
    27.5-180.0 180.0   5.0 450.0                            LAT/LON1/LON2/DLON/H
  385  377  369  356  342  333  334  343  350  345  323  292  263  247  243  243
  233  212  182  149  119   95   83   86   98  111  116  113  106  101   99   97
   96   95   95   92   83   72   65   66   74   84   87   82   71   63   60   61
   59   52   43   40   47   60   73   86  106  137  177  218  255  283  303  315
  321  330  347  372  395  407  404  394  385
    25.0-180.0 180.0   5.0 450.0                            LAT/LON1/LON2/DLON/H
  475  480  476  456  426  398  381  380  384  381  361  327  291  267  255  246
  227  196  160  126   98   79   73   83  103  122  129  124  114  107  105  102
  100  100  101  100   94   84   77   76   81   88   90   84   73   63   59   59
   57   50   41   39   47   59   71   84  106  141  186  232  273  307  335  354
  366  378  396  422  447  462  467  469  475
    22.5-180.0 180.0   5.0 450.0                            LAT/LON1/LON2/DLON/H
  583  604  606  580  533  484  448  433  433  430  411  374  331  297  275  254
  223  183  144  115   96   86   87  101  124  144  150  141  128  118  114  111
  109  110  114  118  115  106   96   90   91   94   96   92   83   73   69   68
   66   61   53   51   57   67   76   89  113  151  199  247  290  329  364  392
  412  428  449  477  504  525  540  558  583
    20.0-180.0 180.0   5.0 450.0                            LAT/LON1/LON2/DLON/H
  693  730  738  707  646  578  526  499  494  491  473  434  385  342  309  276
  233  184  146  128  125  128  133  144  162  177  178  164  146  133  127  124
  122  126  135  144  145  135  121  108  101  101  104  103   99   92   87   86
   85   81   75   71   74   80   87   99  125  166  216  263  305  347  389  426
  454  476  500  530  560  585  611  647  693
    17.5-180.0 180.0   5.0 450.0                            LAT/LON1/LON2/DLON/H
  786  837  850  815  745  666  603  570  561  560  543  504  451  402  362  318
  265  211  179  178  194  208  211  212  216  218  209  189  167  152  145  140
  139  146  160  174  178  167  146  125  112  108  112  117  118  114  110  109
  109  106  100   95   93   95   99  111  139  184  234  279  319  361  408  453
  488  514  542  573  605  635  671  723  786
    15.0-180.0 180.0   5.0 450.0                            LAT/LON1/LON2/DLON/H
  847  907  922  885  813  732  669  635  627  628  615  577  525  475  431  383
  323  269  246  263  298  319  314  294  275  259  238  212  188  173  166  161
  160  168  186  204  208  195  169  141  121  114  120  130  137  136  132  130
  130  128  122  114  108  105  108  122  153  200  250  292  330  372  422  470
  508  537  567  601  634  667  710  772  847
    12.5-180.0 180.0   5.0 450.0                            LAT/LON1/LON2/DLON/H
  868  930  944  907  839  768  713  686  683  688  680  646  598  552  511  464
  404  353  341  376  426  447  424  375  328  292  260  230  207  195  190  186
  184  192  210  228  231  215  185  152  128  120  127  141  151  152  147  144
  144  143  135  124  114  108  111  128  163  212  261  301  336  377  427  476
  512  542  573  609  644  677  722  789  868
    10.0-180.0 180.0   5.0 450.0                            LAT/LON1/LON2/DLON/H
  851  907  917  882  825  771  733  717  721  731  728  700  659  622  590  550
  496  451  451  498  554  567  520  440  365  310  271  242  224  218  217  214
  210  215  230  244  244  225  192  159  135  126  133  148  160  161  154  150
  149  147  138  124  111  104  108  128  167  216  264  302  336  377  426  469
  501  528  560  599  635  667  709  774  851
     7.5-180.0 180.0   5.0 450.0                            LAT/LON1/LON2/DLON/H
  804  850  854  822  780  747  730  727  737  751  752  731  698  672  654  626
  582  546  553  606  659  656  583  474  377  313  274  250  240  242  247  245
  238  237  245  253  247  225  193  163  141  132  139  152  163  162  154  148
  146  144  134  118  103   96  103  126  166  214  258  294  329  371  417  454
  478  500  534  577  614  643  679  736  804
     5.0-180.0 180.0   5.0 450.0                            LAT/LON1/LON2/DLON/H
  744  779  775  747  720  709  710  719  732  747  750  734  710  695  690  677
  645  617  629  680  722  699  601  473  366  303  272  258  259  270  281  279
  269  259  257  256  243  218  189  165  148  142  146  156  163  159  149  143
  141  139  128  111   95   90  100  125  164  207  246  281  317  361  403  432
  447  466  504  552  591  615  642  688  744
     2.5-180.0 180.0   5.0 450.0                            LAT/LON1/LON2/DLON/H
  688  712  704  679  665  671  685  698  711  723  725  712  693  687  693  693
  674  654  665  707  732  689  575  440  340  289  273  273  283  301  316  316
  300  282  269  256  236  209  185  168  158  154  156  161  163  157  147  140
  140  138  127  109   94   91  104  131  166  201  233  264  302  347  387  408
  416  435  478  534  574  593  610  644  688
