data/电离层参数/2024-01-15/TECU(buag)-1999.01.02-1999.01.03.txt
     1.0            IONOSPHERE MAPS     GNSS                IONEX VERSION / TYPE
IRIS V2.0           IRIS                20-Apr-19 13:17     PGM / RUN BY / DATE 
BUAA'S GLOBAL IONOSPHERE MAPS FOR DAY 002, 1999             COMMENT             
Contact address: Cheng Wang, acheng@buaa.edu.cn             DESCRIPTION         
Web page:        http://ionosphere.cn                       DESCRIPTION         
Advanced Ionosphere Labs at Beihang University              COMMENT             
Prima V1.0 from AI Labs @BUAA                               COMMENT             
  1999     1     2     0     0     0                        EPOCH OF FIRST MAP  
  1999     1     3     0     0     0                        EPOCH OF LAST MAP  
  3600                                                      INTERVAL            
    25                                                      # OF MAPS IN FILE   
  MSLM                                                      MAPPING FUNCTION    
Two-way carrier phase leveled to code                       OBSERVABLES USED    
   217                                                      # OF STATIONS       
    27                                                      # OF SATELLITES     
  6371.0                                                    BASE RADIUS         
     2                                                      MAP DIMENSION       
   450.0 450.0   0.0                                        HGT1 / HGT2 / DHGT  
    87.5 -87.5  -2.5                                        LAT1 / LAT2 / DLAT  
  -180.0 180.0   5.0                                        LON1 / LON2 / DLON  
    -1                                                      EXPONENT            
TEC/RMS values in 0.1 TECU; 9999, if no value available     COMMENT             
List of stations:                                           COMMENT             
albh algo alic amc2 ankr aoa1 aoml arp3 ashv atwc auck aus5 COMMENT             
azu1 bako barh blyt bogo bogt bor1 braz brmu brst brus bshm COMMENT             
bzrg cabl cagl carr casa casc ccjm ccv3 cedu chb1 chil chum COMMENT             
chur chwk cice cit1 clar cmp9 crfp dav1 dgar dhlg dnrc drao COMMENT             
dubo dum1 ebre elat eng1 eprt fair fale flin gal1 geno gilb COMMENT             
glpt glsv gode gol2 gold gope gras graz harv hers hflk hilo COMMENT             
hnlc hob2 hofn holb holp irkt joze jplm kabr karr katz ken1 COMMENT             
kerg kok1 kokb kosg kouc kstu kunm kwj1 kyw1 lama lasc lbch COMMENT             
lhas lhue lpgs mac1 mad2 madr mag0 mars mate math maui mdo1 COMMENT             
mdvo medi mets mil1 mlf1 mob1 monp nano neah newl newp nlib COMMENT             
noto nrc1 nssp nyal oat2 ober onsa palm patt pbl1 penc petp COMMENT             
pie1 pin1 plo3 pol2 pots prds psu1 pur3 pvep quin ramo reyk COMMENT             
rock sag1 samp sav1 sch2 scip seat sele sfer shao shee shk1 COMMENT             
sio3 sjdv sni1 sofi sol1 spk1 stb1 stjo syog tabl taej tela COMMENT             
thti thu1 tid1 tid2 tidb tixi torp toul tow2 trak tro1 tskb COMMENT             
uclp uclu unpg upad upo1 usc1 usna usno usud vcio vene vesl COMMENT             
vill vims vndp vtis wes2 whc1 whit widc will wis1 wlsn wnfl COMMENT             
wroc wslr wsrt wtzr wtzt wuhn xian yakz yar2 yell zeck zimm COMMENT             
zwen                                                        COMMENT             
                                                            END OF HEADER       
[from data line 3432]
     9                                                      START OF TEC MAP    
  1999     1     2     8     0     0                        EPOCH OF CURRENT MAP
    87.5-180.0 180.0   5.0 450.0                            LAT/LON1/LON2/DLON/H
   45   46   48   49   50   52   53   54   56   57   58   59   59   60   61   61
   62   62   62   63   63   63   63   63   63   63   62   62   62   62   61   61
   60   60   59   58   58   57   56   55   54   53   52   51   50   49   48   47
   45   44   43   42   41   40   40   39   38   38   37   37   37   37   37   37
   37   38   38   39   40   41   42   44   45
    85.0-180.0 180.0   5.0 450.0                            LAT/LON1/LON2/DLON/H
   38   41   45   48   51   54   57   59   61   63   65   66   67   68   69   69
   69   69   69   68   68   68   68   67   67   67   67   67   67   67   67   67
   67   66   66   65   64   63   62   60   59   57   56   54   52   50   48   46
   44   42   40   38   36   34   32   31   29   27   26   25   24   23   23   23
   23   24   25   26   28   30   33   35   38
    82.5-180.0 180.0   5.0 450.0                            LAT/LON1/LON2/DLON/H
   32   37   42   46   51   56   60   64   67   69   71   73   73   73   73   72
   71   70   69   67   66   65   65   65   65   65   66   66   67   68   69   70
   71   71   71   71   70   69   68   66   65   63   61   59   58   56   54   52
   50   48   45   43   40   37   35   32   29   26   23   20   18   16   14   13
   13   13   14   15   17   20   24   28   32
    80.0-180.0 180.0   5.0 450.0                            LAT/LON1/LON2/DLON/H
   26   32   38   45   51   57   62   67   70   73   75   76   75   74   73   71
   68   66   63   61   59   57   56   56   57   58   60   62   64   67   69   71
   73   74   75   75   75   74   73   72   70   69   68   67   66   66   65   64
   63   62   60   58   55   52   49   45   41   36   32   27   23   19   15   12
   10    9    8    9   10   13   16   21   26
    77.5-180.0 180.0   5.0 450.0                            LAT/LON1/LON2/DLON/H
   22   28   35   42   49   56   62   67   71   73   75   75   74   72   69   66
   63   59   55   52   49   47   46   46   47   49   52   56   60   64   68   72
   74   76   78   78   78   77   76   75   75   75   75   76   77   79   81   83
   84   84   84   83   81   78   74   69   64   58   52   46   39   33   27   21
   17   13   10    8    8   10   12   17   22
    75.0-180.0 180.0   5.0 450.0                            LAT/LON1/LON2/DLON/H
   20   26   32   39   46   53   59   64   67   69   70   70   69   67   64   61
   57   53   48   44   41   39   37   37   39   42   46   51   56   62   67   71
   74   77   78   78   78   77   77   76   77   79   82   85   90   96  101  106
  111  114  115  115  114  111  107  101   95   88   81   73   64   56   47   39
   31   25   19   15   12   12   13   16   20
    72.5-180.0 180.0   5.0 450.0                            LAT/LON1/LON2/DLON/H
   21   25   31   37   43   49   54   58   61   63   63   63   62   61   59   56
   53   49   45   41   38   35   33   33   35   38   43   48   54   60   65   69
   73   75   76   76   75   74   74   75   77   82   88   96  105  115  125  134
  141  147  150  151  149  146  141  135  128  120  112  103   93   83   72   62
   51   42   33   27   22   19   17   18   21
    70.0-180.0 180.0   5.0 450.0                            LAT/LON1/LON2/DLON/H
   25   27   31   35   40   45   49   51   53   54   55   55   55   55   54   54
   53   50   47   43   39   35   33   32   34   37   42   48   53   59   63   66
   69   70   70   70   69   69   70   72   77   84   95  107  121  136  150  163
  173  180  184  185  182  178  172  165  157  149  140  130  120  108   96   84
   72   60   50   41   34   28   25   24   25
    67.5-180.0 180.0   5.0 450.0                            LAT/LON1/LON2/DLON/H
   30   30   32   35   38   41   44   45   46   46   47   47   48   50   52   54
   55   54   52   48   43   39   35   34   35   38   43   48   53   57   60   62
   63   63   63   63   63   63   65   70   78   89  103  120  139  158  176  192
  203  211  214  214  210  203  195  187  179  170  161  152  141  129  116  102
   89   76   64   54   46   39   34   31   30
    65.0-180.0 180.0   5.0 450.0                            LAT/LON1/LON2/DLON/H
   36   34   34   36   37   39   40   40   40   40   40   41   43   47   51   55
   58   60   58   54   48   41   37   34   35   39   43   48   52   54   55   55
   55   55   55   55   57   59   63   70   81   96  114  136  159  181  201  218
  230  237  238  236  230  221  212  202  193  185  176  166  155  143  129  114
   99   86   75   65   57   50   44   39   36
    62.5-180.0 180.0   5.0 450.0                            LAT/LON1/LON2/DLON/H
   41   38   37   37   37   38   38   37   37   36   36   38   40   45   50   56
   61   64   62   57   49   41   35   32   33   37   42   47   49   50   49   47
   47   47   48   50   54   58   65   75   89  107  129  154  180  204  224  240
  251  256  256  251  243  233  223  212  203  194  186  176  165  151  135  119
  104   91   80   72   65   58   51   46   41
    60.0-180.0 180.0   5.0 450.0                            LAT/LON1/LON2/DLON/H
   45   41   39   39   38   38   37   36   35   35   36   37   40   44   50   56
   62   65   63   57   47   37   30   27   29   34   40   45   46   45   43   40
   40   41   45   49   55   63   72   85  101  123  148  175  202  226  245  259
  267  270  268  263  254  243  232  221  212  203  195  185  173  157  139  120
  104   91   82   76   70   64   58   51   45
    57.5-180.0 180.0   5.0 450.0                            LAT/LON1/LON2/DLON/H
   49   44   41   40   40   39   38   36   36   36   37   38   40   43   48   54
   60   63   61   53   42   31   23   20   24   31   38   43   44   42   38   36
   36   40   46   54   63   73   84   99  119  142  170  198  224  246  263  273
  278  279  276  271  263  253  243  232  223  214  206  195  181  163  142  121
  103   91   83   79   76   71   64   56   49
    55.0-180.0 180.0   5.0 450.0                            LAT/LON1/LON2/DLON/H
   52   46   44   43   43   41   39   37   36   37   39   41   42   43   45   50
   54   57   56   48   36   24   16   15   21   30   39   44   43   40   36   34
   36   43   53   64   76   88  101  118  139  165  193  221  246  265  278  284
  286  285  282  279  273  265  256  246  237  228  219  208  193  172  148  124
  105   92   86   85   83   78   70   60   52
    52.5-180.0 180.0   5.0 450.0                            LAT/LON1/LON2/DLON/H
   55   49   47   47   47   44   41   38   38   39   42   43   43   42   42   44
   48   51   50   44   32   21   15   16   23   34   43   47   46   42   37   37
   41   51   64   79   93  106  121  139  161  188  216  244  267  283  291  293
  291  288  287  285  283  278  270  261  251  242  233  221  205  183  157  131
  110   98   93   93   92   87   77   65   55
    50.0-180.0 180.0   5.0 450.0                            LAT/LON1/LON2/DLON/H
   59   53   53   54   54   50   45   41   39   41   44   46   45   42   38   38
   42   46   47   42   33   24   19   23   32   44   53   55   52   46   42   43
   50   63   79   96  112  127  142  160  183  210  239  266  287  299  303  300
  295  291  290  290  291  288  282  273  262  252  243  232  216  194  167  140
  118  106  103  104  104   97   85   70   59
    47.5-180.0 180.0   5.0 450.0                            LAT/LON1/LON2/DLON/H
   63   59   60   63   63   59   52   45   42   43   47   49   48   42   37   35
   38   44   48   46   39   33   31   37   48   59   66   66   61   54   50   52
   62   77   96  115  132  147  163  181  203  229  258  284  304  314  314  308
  300  294  292  293  295  293  287  278  267  256  247  237  222  202  176  148
  127  115  113  116  115  107   92   75   63
    45.0-180.0 180.0   5.0 450.0                            LAT/LON1/LON2/DLON/H
   67   64   68   73   74   70   61   52   46   46   50   53   51   45   38   36
   39   46   52   53   50   46   47   55   67   77   81   78   71   64   60   64
   74   92  112  133  151  167  182  200  221  246  273  298  317  326  325  316
  305  297  294  294  294  293  286  276  264  253  244  234  222  205  181  155
  133  122  121  124  123  113   96   78   67
    42.5-180.0 180.0   5.0 450.0                            LAT/LON1/LON2/DLON/H
   68   68   75   83   86   82   72   61   53   51   54   57   57   51   44   41
   45   53   61   64   63   62   66   75   86   94   95   90   82   74   71   75
   87  105  127  150  169  186  200  216  235  258  283  308  327  336  335  326
  314  304  297  295  292  288  281  271  259  248  238  229  219  204  182  158
  137  126  125  128  126  114   96   78   68
    40.0-180.0 180.0   5.0 450.0                            LAT/LON1/LON2/DLON/H
   68   71   80   90   95   92   83   71   61   56   59   63   64   60   55   52
   56   64   72   76   76   77   82   92  102  107  106   99   91   84   82   86
   98  117  141  165  186  202  216  230  247  267  289  313  333  344  345  338
  326  315  306  300  294  287  279  270  259  248  237  228  218  204  185  161
  140  127  124  125  122  110   92   75   68
    37.5-180.0 180.0   5.0 450.0                            LAT/LON1/LON2/DLON/H
   67   72   83   93  100   99   92   80   69   63   64   69   72   71   68   67
   72   79   86   88   88   89   95  105  113  116  112  104   98   93   92   96
  107  127  152  179  201  218  231  243  256  272  293  315  336  351  356  353
  345  335  325  316  307  298  291  283  275  264  252  240  228  214  195  171
  146  129  122  120  115  102   85   71   67
    35.0-180.0 180.0   5.0 450.0                            LAT/LON1/LON2/DLON/H
   68   75   85   94  100  101   97   87   76   68   68   74   80   83   84   85
   90   96  100  100   99   99  105  113  119  119  114  107  102  101  101  104
  116  136  164  192  215  233  245  255  265  278  295  317  340  359  370  373
  370  365  358  349  339  330  324  320  315  306  291  274  257  240  219  193
  163  139  125  118  110   96   80   69   68
    32.5-180.0 180.0   5.0 450.0                            LAT/LON1/LON2/DLON/H
   75   81   88   93   97   99   98   90   80   72   72   78   87   94   99  103
  108  113  115  112  109  108  112  118  122  119  113  107  106  107  108  111
  123  145  175  205  230  247  259  268  276  286  300  322  347  371  388  399
  404  406  406  401  394  387  385  386  385  376  358  333  310  288  264  233
  197  164  141  126  114   99   84   75   75
    30.0-180.0 180.0   5.0 450.0                            LAT/LON1/LON2/DLON/H
   94   97   98   97   95   96   96   90   81   74   73   81   92  102  110  117
  123  127  128  124  119  117  119  123  123  118  111  107  108  112  114  117
  129  154  187  220  244  261  273  283  290  299  312  334  362  389  413  431
  446  459  468  472  471  469  471  476  479  470  448  416  384  357  330  295
  252  209  175  152  135  118  102   94   94
    27.5-180.0 180.0   5.0 450.0                            LAT/LON1/LON2/DLON/H
  127  126  119  109  100   97   95   90   82   74   74   81   93  105  116  125
  133  138  138  135  130  127  127  128  126  119  111  108  111  115  118  121
  135  163  200  234  259  276  290  302  311  319  333  356  386  417  445  469
  494  518  540  555  563  568  574  582  586  577  550  512  473  441  412  375
  326  273  229  198  175  155  139  129  127
    25.0-180.0 180.0   5.0 450.0                            LAT/LON1/LON2/DLON/H
  176  168  153  133  116  107  101   94   84   77   75   81   91  103  115  126
  135  141  144  143  140  137  136  135  131  122  112  109  113  118  120  125
  141  174  214  249  274  293  310  327  339  349  364  390  422  455  485  513
  545  579  613  640  659  671  680  688  690  679  649  606  563  529  501  465
  413  353  300  261  234  211  193  181  176
    22.5-180.0 180.0   5.0 450.0                            LAT/LON1/LON2/DLON/H
  235  222  200  172  147  130  118  106   93   83   80   83   89   98  109  119
  129  136  142  145  146  145  144  142  136  126  116  112  115  120  122  128
  147  184  228  264  289  311  334  357  375  388  405  433  468  502  531  560
  594  635  678  715  743  761  771  775  774  760  728  684  640  608  584  552
  502  438  379  336  305  281  260  245  235
    20.0-180.0 180.0   5.0 450.0                            LAT/LON1/LON2/DLON/H
  299  282  256  223  192  168  148  129  110   97   91   88   88   91   98  107
  115  122  131  140  145  147  147  145  141  131  120  115  117  121  123  131
  154  195  241  278  305  331  362  393  415  431  451  483  520  553  579  604
  638  680  725  768  802  824  833  832  824  806  775  733  693  667  650  626
  580  517  456  410  379  354  332  314  299
    17.5-180.0 180.0   5.0 450.0                            LAT/LON1/LON2/DLON/H
  358  338  312  279  247  218  190  162  137  120  108   99   91   87   87   91
   95  101  112  125  135  141  142  143  140  132  122  116  117  121  124  134
  161  206  253  291  320  353  393  431  456  474  497  533  572  603  623  642
  671  708  750  792  828  852  858  850  835  815  786  751  717  698  691  677
  638  578  518  473  444  420  397  376  358
    15.0-180.0 180.0   5.0 450.0                            LAT/LON1/LON2/DLON/H
  403  383  359  331  302  273  240  204  172  149  133  116   99   86   80   77
   75   76   86  101  116  124  128  132  133  129  120  115  116  120  126  139
  169  216  264  302  335  375  423  466  493  510  536  576  618  645  658  669
  690  719  752  786  819  843  848  834  812  790  767  740  715  704  705  700
  669  614  556  514  489  469  446  423  403
    12.5-180.0 180.0   5.0 450.0                            LAT/LON1/LON2/DLON/H
  426  407  388  369  349  323  288  247  210  183  161  138  113   93   79   68
   58   53   58   73   89   99  106  113  120  120  114  110  113  119  128  144
  177  225  273  312  348  396  451  496  520  535  562  607  650  672  677  681
  695  715  734  755  781  805  811  795  769  747  731  713  696  690  697  698
  674  624  570  530  509  492  471  447  426
    10.0-180.0 180.0   5.0 450.0                            LAT/LON1/LON2/DLON/H
  425  408  396  387  378  359  326  284  245  215  191  163  132  105   86   69
   49   35   34   46   61   71   79   90  101  105  103  101  107  118  130  150
  185  233  280  319  359  412  471  514  532  544  574  624  666  682  677  676
  686  699  704  710  728  752  762  748  722  703  693  684  673  669  675  679
  659  613  560  523  504  491  472  448  425
     7.5-180.0 180.0   5.0 450.0                            LAT/LON1/LON2/DLON/H
  403  387  381  382  384  374  347  307  269  241  216  186  153  124  101   78
   51   27   18   24   36   46   54   67   81   89   89   90   99  115  132  155
  192  240  286  324  367  423  482  519  530  539  572  626  667  673  658  654
  667  679  674  666  674  699  715  708  687  671  668  666  657  650  652  653
  634  588  536  498  481  469  451  427  403
     5.0-180.0 180.0   5.0 450.0                            LAT/LON1/LON2/DLON/H
  369  352  349  357  368  368  348  314  280  256  234  205  173  144  122   97
   65   32   15   15   22   29   36   50   65   73   73   77   90  111  132  159
  198  245  289  327  370  427  482  512  515  522  561  620  656  649  623  618
  641  660  652  633  632  658  685  688  673  662  664  666  656  642  636  630
  607  561  507  468  448  436  419  394  369
     2.5-180.0 180.0   5.0 450.0                            LAT/LON1/LON2/DLON/H
  332  314  310  321  336  342  329  303  277  259  242  218  189  165  146  122
   87   50   25   19   21   25   31   42   55   60   60   64   81  105  131  161
  201  248  290  327  369  424  474  495  492  501  548  610  639  615  577  574
  612  647  645  619  611  638  674  689  682  676  681  683  670  648  630  615
  588  540  485  441  418  403  384  358  332
