data/电离层参数/2024-01-15/TECU(buag)-1999.01.02-1999.01.03.txt
     1.0            IONOSPHERE MAPS     GNSS                IONEX VERSION / TYPE
IRIS V2.0           IRIS                20-Apr-19 13:17     PGM / RUN BY / DATE 
BUAA'S GLOBAL IONOSPHERE MAPS FOR DAY 002, 1999             COMMENT             
Contact address: Cheng Wang, acheng@buaa.edu.cn             DESCRIPTION         
Web page:        http://ionosphere.cn                       DESCRIPTION         
Advanced Ionosphere Labs at Beihang University              COMMENT             
Prima V1.0 from AI Labs @BUAA                               COMMENT             
  1999     1     2     0     0     0                        EPOCH OF FIRST MAP  
  1999     1     3     0     0     0                        EPOCH OF LAST MAP  
  3600                                                      INTERVAL            
    25                                                      # OF MAPS IN FILE   
  MSLM                                                      MAPPING FUNCTION    
Two-way carrier phase leveled to code                       OBSERVABLES USED    
   217                                                      # OF STATIONS       
    27                                                      # OF SATELLITES     
  6371.0                                                    BASE RADIUS         
     2                                                      MAP DIMENSION       
   450.0 450.0   0.0                                        HGT1 / HGT2 / DHGT  
    87.5 -87.5  -2.5                                        LAT1 / LAT2 / DLAT  
  -180.0 180.0   5.0                                        LON1 / LON2 / DLON  
    -1                                                      EXPONENT            
TEC/RMS values in 0.1 TECU; 9999, if no value available     COMMENT             
List of stations:                                           COMMENT             
albh algo alic amc2 ankr aoa1 aoml arp3 ashv atwc auck aus5 COMMENT             
azu1 bako barh blyt bogo bogt bor1 braz brmu brst brus bshm COMMENT             
bzrg cabl cagl carr casa casc ccjm ccv3 cedu chb1 chil chum COMMENT             
chur chwk cice cit1 clar cmp9 crfp dav1 dgar dhlg dnrc drao COMMENT             
dubo dum1 ebre elat eng1 eprt fair fale flin gal1 geno gilb COMMENT             
glpt glsv gode gol2 gold gope gras graz harv hers hflk hilo COMMENT             
hnlc hob2 hofn holb holp irkt joze jplm kabr karr katz ken1 COMMENT             
kerg kok1 kokb kosg kouc kstu kunm kwj1 kyw1 lama lasc lbch COMMENT             
lhas lhue lpgs mac1 mad2 madr mag0 mars mate math maui mdo1 COMMENT             
mdvo medi mets mil1 mlf1 mob1 monp nano neah newl newp nlib COMMENT             
noto nrc1 nssp nyal oat2 ober onsa palm patt pbl1 penc petp COMMENT             
pie1 pin1 plo3 pol2 pots prds psu1 pur3 pvep quin ramo reyk COMMENT             
rock sag1 samp sav1 sch2 scip seat sele sfer shao shee shk1 COMMENT             
sio3 sjdv sni1 sofi sol1 spk1 stb1 stjo syog tabl taej tela COMMENT             
thti thu1 tid1 tid2 tidb tixi torp toul tow2 trak tro1 tskb COMMENT             
uclp uclu unpg upad upo1 usc1 usna usno usud vcio vene vesl COMMENT             
vill vims vndp vtis wes2 whc1 whit widc will wis1 wlsn wnfl COMMENT             
wroc wslr wsrt wtzr wtzt wuhn xian yakz yar2 yell zeck zimm COMMENT             
zwen                                                        COMMENT             
                                                            END OF HEADER       
[from data line 8580]
    21                                                      START OF TEC MAP    
  1999     1     2    20     0     0                        EPOCH OF CURRENT MAP
    87.5-180.0 180.0   5.0 450.0                            LAT/LON1/LON2/DLON/H
   91   91   91   91   90   90   90   90   91   91   91   91   92   92   92   93
   93   94   94   95   95   96   96   97   97   98   98   98   99   99   99   99
   99   99   99   99   99   99   99   99   99   98   98   98   98   97   97   97
   96   96   96   96   96   95   95   95   95   95   95   94   94   94   94   94
   93   93   93   93   92   92   92   91   91
    85.0-180.0 180.0   5.0 450.0                            LAT/LON1/LON2/DLON/H
   89   88   87   86   86   85   85   85   85   86   87   87   89   90   91   92
   94   95   96   97   98   99  100  101  101  102  102  103  103  103  104  104
  104  104  104  104  104  104  103  103  102  101  101  100   99   98   97   97
   96   95   95   95   95   94   94   95   95   95   95   95   95   95   95   95
   95   94   94   93   92   92   91   90   89
    82.5-180.0 180.0   5.0 450.0                            LAT/LON1/LON2/DLON/H
   87   85   83   82   80   80   79   80   80   82   83   85   87   90   92   95
   97   99  101  102  104  104  105  105  105  105  105  105  105  105  106  106
  106  107  107  107  107  107  106  105  104  103  101  100   98   97   95   94
   93   92   92   91   91   91   92   92   93   94   95   96   96   97   98   98
   98   98   97   96   94   93   91   89   87
    80.0-180.0 180.0   5.0 450.0                            LAT/LON1/LON2/DLON/H
   85   82   79   77   75   74   74   75   77   79   82   86   90   94   98  102
  106  109  111  112  113  112  111  110  108  106  104  103  102  102  102  103
  104  105  107  108  108  108  108  106  105  103  101   98   96   94   92   90
   88   87   87   86   86   87   87   88   90   91   92   94   96   97   98   99
  100  100   99   98   96   94   91   88   85
    77.5-180.0 180.0   5.0 450.0                            LAT/LON1/LON2/DLON/H
   81   77   74   72   70   70   71   73   76   81   86   92   98  104  110  116
  121  124  127  127  126  124  120  115  110  105  100   96   93   92   93   94
   96   99  102  104  106  106  106  105  103  100   98   94   91   89   86   84
   83   81   81   80   80   81   81   82   84   85   87   89   91   94   96   97
   98   99   98   97   95   92   89   85   81
    75.0-180.0 180.0   5.0 450.0                            LAT/LON1/LON2/DLON/H
   75   72   69   67   67   68   71   75   80   87   95  103  111  120  128  135
  141  145  148  148  145  140  132  123  113  102   93   86   80   78   78   80
   84   88   93   97  100  102  102  100   98   95   92   88   85   82   79   77
   76   75   74   74   74   74   75   75   76   77   79   81   83   86   88   91
   92   93   93   92   90   87   84   80   75
    72.5-180.0 180.0   5.0 450.0                            LAT/LON1/LON2/DLON/H
   68   66   64   64   66   69   74   82   90   99  109  120  130  140  149  158
  165  171  174  173  169  161  149  135  119  103   88   75   67   62   61   64
   69   75   82   87   91   94   94   93   90   87   83   80   77   74   72   70
   69   68   68   68   68   68   68   68   68   68   69   70   72   75   77   80
   82   83   84   83   82   79   75   72   68
    70.0-180.0 180.0   5.0 450.0                            LAT/LON1/LON2/DLON/H
   61   60   61   63   68   74   83   93  105  117  129  141  153  164  174  184
  192  199  202  202  198  188  173  153  132  109   88   70   57   50   48   50
   56   63   70   77   81   84   84   83   80   77   73   70   67   65   63   62
   61   61   61   62   62   62   62   61   60   60   59   60   61   63   65   67
   70   71   72   72   70   68   66   63   61
    67.5-180.0 180.0   5.0 450.0                            LAT/LON1/LON2/DLON/H
   56   58   61   66   74   83   96  109  124  139  153  166  178  189  200  209
  219  226  232  233  229  219  202  179  152  124   97   74   56   45   40   41
   46   53   60   66   70   72   72   70   68   65   62   60   58   56   55   54
   54   54   54   55   56   56   56   55   54   52   51   51   51   52   54   57
   59   60   61   61   59   58   57   56   56
    65.0-180.0 180.0   5.0 450.0                            LAT/LON1/LON2/DLON/H
   55   59   65   73   84   96  111  128  146  163  179  193  205  215  224  234
  243  253  260  264  262  253  235  211  181  148  116   88   65   50   42   40
   43   47   53   57   60   61   60   58   56   54   53   51   50   48   47   46
   46   46   47   49   50   51   52   51   50   48   47   46   46   46   48   50
   52   53   53   53   52   51   51   52   55
    62.5-180.0 180.0   5.0 450.0                            LAT/LON1/LON2/DLON/H
   59   66   75   85   98  112  129  148  168  187  204  218  230  239  248  256
  266  276  285  291  292  285  269  245  214  179  144  112   85   66   53   47
   45   46   48   50   51   50   49   47   46   46   45   45   44   43   41   40
   39   39   41   43   45   47   49   49   49   48   46   45   45   46   47   49
   51   51   51   50   49   49   50   54   59
    60.0-180.0 180.0   5.0 450.0                            LAT/LON1/LON2/DLON/H
   69   79   90  102  115  130  148  168  189  209  227  242  253  262  269  276
  285  295  305  313  316  312  299  277  247  212  176  142  112   88   70   59
   52   49   47   45   44   42   41   40   40   41   42   43   43   41   39   37
   35   35   36   39   42   45   48   50   50   50   49   49   49   50   52   54
   56   56   55   53   51   52   55   61   69
    57.5-180.0 180.0   5.0 450.0                            LAT/LON1/LON2/DLON/H
   84   96  109  122  136  151  168  188  208  229  247  262  274  282  288  294
  301  309  319  328  333  331  321  302  275  242  207  172  140  112   90   74
   62   53   48   43   40   38   37   37   39   41   43   45   45   44   41   38
   35   34   36   39   42   46   50   52   54   54   54   54   55   57   60   62
   64   64   63   60   58   59   64   72   84
    55.0-180.0 180.0   5.0 450.0                            LAT/LON1/LON2/DLON/H
  101  116  130  144  158  173  189  208  227  246  264  279  290  298  304  309
  313  320  327  334  339  340  332  317  293  263  230  197  164  134  108   87
   71   59   50   45   41   39   38   39   42   45   48   51   51   50   47   43
   40   39   40   43   47   51   54   57   59   60   60   61   62   64   68   72
   74   74   73   69   68   69   76   87  101
    52.5-180.0 180.0   5.0 450.0                            LAT/LON1/LON2/DLON/H
  117  135  152  168  182  197  213  229  246  263  278  292  304  312  318  321
  324  326  329  334  338  338  333  320  300  275  245  213  181  150  122   97
   78   64   55   49   46   44   45   46   49   53   56   59   60   59   57   54
   51   50   50   53   56   59   62   63   65   65   66   66   68   70   74   78
   82   83   81   78   76   79   87  101  117
    50.0-180.0 180.0   5.0 450.0                            LAT/LON1/LON2/DLON/H
  132  152  171  190  207  223  239  254  268  280  292  303  314  323  329  331
  331  329  328  328  329  330  326  316  299  276  249  220  189  158  129  104
   84   70   61   57   55   55   55   57   60   63   66   69   70   71   69   67
   65   64   65   67   69   71   71   71   71   71   71   71   71   72   76   81
   85   86   85   83   82   86   97  113  132
    47.5-180.0 180.0   5.0 450.0                            LAT/LON1/LON2/DLON/H
  143  165  187  209  230  250  267  282  292  300  306  313  322  331  337  338
  335  329  323  319  318  318  316  308  293  272  247  219  189  160  132  107
   89   77   70   68   67   68   69   70   71   73   75   78   81   83   83   82
   80   79   80   82   84   84   82   80   78   77   75   74   72   72   74   79
   83   85   84   83   84   90  103  121  143
    45.0-180.0 180.0   5.0 450.0                            LAT/LON1/LON2/DLON/H
  150  175  199  225  251  275  296  311  318  320  321  323  329  337  343  343
  338  327  317  311  309  309  308  301  288  267  243  215  187  158  132  110
   95   86   82   81   81   82   82   82   82   82   83   86   90   93   95   95
   94   93   94   96   97   96   92   88   85   82   80   76   73   70   71   73
   77   79   78   78   81   91  106  127  150
    42.5-180.0 180.0   5.0 450.0                            LAT/LON1/LON2/DLON/H
  156  181  207  236  267  297  322  338  344  342  337  334  337  342  347  347
  338  325  312  304  303  305  307  302  288  267  241  213  185  158  134  115
  103   97   95   96   95   94   93   91   90   89   90   93   97  102  105  105
  103  102  103  105  106  104  100   95   91   87   84   79   74   69   66   67
   69   69   69   71   77   90  109  132  156
    40.0-180.0 180.0   5.0 450.0                            LAT/LON1/LON2/DLON/H
  162  186  213  244  279  313  342  360  365  360  351  345  345  348  352  349
  338  323  308  301  302  308  313  309  296  273  245  216  187  161  139  123
  114  110  110  110  107  104  100   97   96   95   96   98  103  108  111  111
  108  106  106  109  111  109  104   99   94   91   88   82   75   68   63   61
   61   60   59   62   72   89  112  137  162
    37.5-180.0 180.0   5.0 450.0                            LAT/LON1/LON2/DLON/H
  170  193  219  250  285  322  353  372  378  373  364  356  354  355  356  351
  339  322  307  302  306  316  324  323  309  285  255  224  194  168  147  133
  127  125  125  123  117  110  104  101  100  100  101  104  109  113  115  112
  107  103  104  107  110  109  105   99   94   92   90   85   78   69   63   58
   55   53   51   56   69   91  118  145  170
    35.0-180.0 180.0   5.0 450.0                            LAT/LON1/LON2/DLON/H
  182  204  227  255  289  323  353  373  381  379  372  366  363  363  362  354
  340  323  309  306  313  327  337  338  325  300  270  237  206  179  158  145
  140  139  139  135  126  115  107  104  104  106  108  110  114  118  117  111
  103   98   98  102  106  106  101   96   92   90   89   86   80   72   64   58
   53   49   47   52   69   96  128  157  182
    32.5-180.0 180.0   5.0 450.0                            LAT/LON1/LON2/DLON/H
  200  220  241  265  292  321  346  365  375  377  376  374  373  372  368  358
  343  327  315  312  321  335  347  348  336  313  284  252  220  191  169  157
  153  153  153  147  135  122  112  109  111  114  117  119  122  123  119  110
  100   93   93   97  102  102   97   91   87   86   86   85   80   74   67   61
   54   48   46   53   74  106  141  174  200
    30.0-180.0 180.0   5.0 450.0                            LAT/LON1/LON2/DLON/H
  222  243  262  281  300  319  337  352  363  371  377  380  382  381  374  363
  349  334  323  322  329  341  350  351  341  321  295  264  232  202  179  167
  164  167  169  163  150  135  124  120  122  126  129  131  132  130  124  112
   99   91   91   96  100   99   93   85   81   79   80   81   78   74   69   64
   57   51   49   58   82  118  158  194  222
    27.5-180.0 180.0   5.0 450.0                            LAT/LON1/LON2/DLON/H
  248  272  291  306  318  326  333  342  353  365  377  387  392  390  382  370
  357  345  336  333  336  342  346  345  337  322  302  275  243  212  188  176
  176  182  187  184  172  156  143  138  139  142  144  144  144  140  131  117
  103   95   95   99  102   99   91   82   76   74   74   75   75   73   70   67
   62   56   56   67   94  133  177  216  248
    25.0-180.0 180.0   5.0 450.0                            LAT/LON1/LON2/DLON/H
  276  305  328  343  348  346  343  345  353  367  383  397  403  401  391  379
  369  360  354  349  345  343  339  334  328  320  306  284  254  222  197  186
  190  201  211  213  203  188  173  164  161  162  161  160  158  153  142  127
  112  104  104  108  109  104   94   84   76   71   70   71   72   72   71   69
   65   62   64   78  107  150  196  239  276
    22.5-180.0 180.0   5.0 450.0                            LAT/LON1/LON2/DLON/H
  303  341  371  389  391  383  372  366  369  380  397  413  420  416  405  394
  386  382  378  370  359  347  335  326  321  319  312  295  267  234  209  201
  208  225  241  247  241  226  209  195  187  182  179  175  172  166  156  140
  126  118  118  121  119  113  102   91   81   75   72   71   71   71   71   70
   69   68   73   90  122  166  214  261  303
    20.0-180.0 180.0   5.0 450.0                            LAT/LON1/LON2/DLON/H
  329  376  416  441  447  437  421  409  405  411  424  439  445  440  428  417
  413  412  409  398  381  361  341  328  324  327  326  313  286  253  229  222
  234  254  273  284  282  268  248  228  213  202  195  189  186  180  170  155
  141  134  134  135  132  124  114  104   94   86   80   76   75   74   73   73
   73   75   84  104  138  183  232  281  329
    17.5-180.0 180.0   5.0 450.0                            LAT/LON1/LON2/DLON/H
  352  408  459  494  508  503  488  471  460  457  465  476  482  476  464  453
  449  450  447  435  414  388  364  348  344  350  353  342  314  281  257  253
  266  287  306  318  317  304  282  257  235  219  207  201  197  193  183  169
  156  149  148  147  143  136  128  121  113  104   95   89   85   82   79   77
   78   82   94  118  154  199  248  298  352
    15.0-180.0 180.0   5.0 450.0                            LAT/LON1/LON2/DLON/H
  370  433  495  542  568  573  563  546  528  517  517  526  532  527  514  503
  498  498  493  479  456  430  405  388  384  390  394  382  353  318  296  293
  304  320  334  342  341  328  305  277  250  230  216  210  207  203  194  181
  168  161  159  157  152  147  144  141  136  127  116  107  101   95   89   85
   85   91  106  133  171  216  264  314  370
    12.5-180.0 180.0   5.0 450.0                            LAT/LON1/LON2/DLON/H
  384  451  520  579  618  636  636  622  600  581  576  584  593  592  580  567
  558  553  543  527  506  483  462  447  442  446  447  432  399  363  341  337
  344  350  352  351  347  335  313  285  257  236  222  216  214  211  203  191
  179  172  168  165  160  158  159  161  159  151  139  129  121  112  104   98
   96  102  119  148  188  234  279  327  384
    10.0-180.0 180.0   5.0 450.0                            LAT/LON1/LON2/DLON/H
  394  461  534  600  651  683  695  687  665  642  635  645  661  666  657  642
  626  612  595  577  559  543  529  517  511  511  506  485  449  411  389  383
  382  373  359  345  335  324  306  282  257  238  227  222  220  218  211  200
  189  182  177  172  168  167  172  179  179  172  161  150  142  132  122  113
  110  115  133  164  206  252  295  340  394
     7.5-180.0 180.0   5.0 450.0                            LAT/LON1/LON2/DLON/H
  400  463  534  604  663  707  732  732  713  691  686  703  728  743  738  720
  697  672  645  622  608  601  596  589  581  575  563  536  495  457  434  425
  414  388  354  326  309  300  288  271  254  240  232  229  228  226  220  211
  201  194  188  182  177  177  184  192  194  187  177  168  160  152  141  131
  126  131  148  181  224  270  311  352  400
     5.0-180.0 180.0   5.0 450.0                            LAT/LON1/LON2/DLON/H
  405  460  525  592  654  707  742  752  739  722  723  750  787  811  811  792
  761  725  688  661  649  652  655  652  643  630  610  577  533  494  472  460
  439  397  344  301  278  271  267  260  251  245  243  241  239  236  231  224
  217  210  204  196  190  189  195  202  202  196  186  180  175  169  159  150
  144  147  165  198  243  288  328  363  405
     2.5-180.0 180.0   5.0 450.0                            LAT/LON1/LON2/DLON/H
  408  454  510  569  629  686  729  748  744  735  745  782  830  862  867  848
  813  768  722  689  679  688  700  700  688  669  643  605  560  522  501  487
  458  402  334  280  253  249  252  254  255  257  260  259  255  250  246  241
  237  232  225  216  207  204  206  208  206  198  190  186  185  182  175  167
  162  165  182  215  261  306  344  374  408
