data/电离层参数/2024-01-15/TECU(buag)-1999.01.02-1999.01.03.txt
     1.0            IONOSPHERE MAPS     GNSS                IONEX VERSION / TYPE
IRIS V2.0           IRIS                20-Apr-19 13:17     PGM / RUN BY / DATE 
BUAA'S GLOBAL IONOSPHERE MAPS FOR DAY 002, 1999             COMMENT             
Contact address: Cheng Wang, acheng@buaa.edu.cn             DESCRIPTION         
Web page:        http://ionosphere.cn                       DESCRIPTION         
Advanced Ionosphere Labs at Beihang University              COMMENT             
Prima V1.0 from AI Labs @BUAA                               COMMENT             
  1999     1     2     0     0     0                        EPOCH OF FIRST MAP  
  1999     1     3     0     0     0                        EPOCH OF LAST MAP  
  3600                                                      INTERVAL            
    25                                                      # OF MAPS IN FILE   
  MSLM                                                      MAPPING FUNCTION    
Two-way carrier phase leveled to code                       OBSERVABLES USED    
   217                                                      # OF STATIONS       
    27                                                      # OF SATELLITES     
  6371.0                                                    BASE RADIUS         
     2                                                      MAP DIMENSION       
   450.0 450.0   0.0                                        HGT1 / HGT2 / DHGT  
    87.5 -87.5  -2.5                                        LAT1 / LAT2 / DLAT  
  -180.0 180.0   5.0                                        LON1 / LON2 / DLON  
    -1                                                      EXPONENT            
TEC/RMS values in 0.1 TECU; 9999, if no value available     COMMENT             
List of stations:                                           COMMENT             
albh algo alic amc2 ankr aoa1 aoml arp3 ashv atwc auck aus5 COMMENT             
azu1 bako barh blyt bogo bogt bor1 braz brmu brst brus bshm COMMENT             
bzrg cabl cagl carr casa casc ccjm ccv3 cedu chb1 chil chum COMMENT             
chur chwk cice cit1 clar cmp9 crfp dav1 dgar dhlg dnrc drao COMMENT             
dubo dum1 ebre elat eng1 eprt fair fale flin gal1 geno gilb COMMENT             
glpt glsv gode gol2 gold gope gras graz harv hers hflk hilo COMMENT             
hnlc hob2 hofn holb holp irkt joze jplm kabr karr katz ken1 COMMENT             
kerg kok1 kokb kosg kouc kstu kunm kwj1 kyw1 lama lasc lbch COMMENT             
lhas lhue lpgs mac1 mad2 madr mag0 mars mate math maui mdo1 COMMENT             
mdvo medi mets mil1 mlf1 mob1 monp nano neah newl newp nlib COMMENT             
noto nrc1 nssp nyal oat2 ober onsa palm patt pbl1 penc petp COMMENT             
pie1 pin1 plo3 pol2 pots prds psu1 pur3 pvep quin ramo reyk COMMENT             
rock sag1 samp sav1 sch2 scip seat sele sfer shao shee shk1 COMMENT             
sio3 sjdv sni1 sofi sol1 spk1 stb1 stjo syog tabl taej tela COMMENT             
thti thu1 tid1 tid2 tidb tixi torp toul tow2 trak tro1 tskb COMMENT             
uclp uclu unpg upad upo1 usc1 usna usno usud vcio vene vesl COMMENT             
vill vims vndp vtis wes2 whc1 whit widc will wis1 wlsn wnfl COMMENT             
wroc wslr wsrt wtzr wtzt wuhn xian yakz yar2 yell zeck zimm COMMENT             
zwen                                                        COMMENT             
                                                            END OF HEADER       
[from data line 3861]
    10                                                      START OF TEC MAP    
  1999     1     2     9     0     0                        EPOCH OF CURRENT MAP
    87.5-180.0 180.0   5.0 450.0                            LAT/LON1/LON2/DLON/H
   53   54   56   57   59   60   61   63   64   64   65   66   66   67   67   67
   67   67   67   67   67   66   66   66   65   65   64   63   63   62   61   60
   59   58   57   56   55   54   53   52   50   49   48   47   45   44   43   42
   41   40   39   38   38   37   37   36   36   36   36   37   37   38   39   39
   41   42   43   45   46   48   49   51   53
    85.0-180.0 180.0   5.0 450.0                            LAT/LON1/LON2/DLON/H
   52   56   59   62   65   68   70   72   73   75   75   76   76   76   75   75
   74   74   73   72   72   71   70   70   69   69   68   68   67   67   66   65
   64   62   61   60   58   56   54   52   50   48   46   44   42   40   37   35
   33   31   29   28   26   24   23   22   21   20   20   20   21   22   23   24
   26   29   32   35   38   41   45   49   52
    82.5-180.0 180.0   5.0 450.0                            LAT/LON1/LON2/DLON/H
   51   57   62   67   71   75   78   80   81   82   82   81   80   78   76   75
   73   71   70   69   68   67   67   67   67   67   67   68   68   68   68   67
   67   66   65   63   62   60   58   56   54   51   49   47   45   42   40   37
   35   32   29   27   24   21   19   16   14   12   11   10   10   10   11   12
   14   17   21   25   29   35   40   46   51
    80.0-180.0 180.0   5.0 450.0                            LAT/LON1/LON2/DLON/H
   50   57   64   70   76   80   83   85   86   85   83   81   78   75   71   68
   64   62   60   58   57   57   58   58   60   61   63   64   66   67   68   68
   69   68   68   67   65   64   63   61   60   59   58   57   55   54   52   50
   48   45   42   39   35   31   27   23   20   16   13   10    8    7    6    6
    7   10   13   17   22   28   35   42   50
    77.5-180.0 180.0   5.0 450.0                            LAT/LON1/LON2/DLON/H
   47   55   64   71   77   82   85   86   86   84   81   76   72   67   62   57
   53   49   47   46   45   46   47   49   51   54   57   60   63   65   67   68
   69   69   70   69   69   69   69   69   69   70   71   73   74   75   75   74
   73   71   68   64   59   54   49   43   38   32   27   22   18   14   11    9
    8    8   10   13   18   24   31   39   47
    75.0-180.0 180.0   5.0 450.0                            LAT/LON1/LON2/DLON/H
   43   52   61   69   75   80   83   83   82   79   74   69   63   57   51   46
   42   39   37   36   36   37   39   42   45   48   52   56   59   62   65   67
   68   69   70   71   72   73   75   77   81   85   89   94   99  102  105  107
  107  105  102   98   92   86   79   72   65   58   50   43   36   30   24   19
   15   13   12   13   16   21   27   35   43
    72.5-180.0 180.0   5.0 450.0                            LAT/LON1/LON2/DLON/H
   39   48   56   64   70   75   77   77   75   71   66   60   54   48   43   39
   36   33   32   31   32   33   35   38   42   45   49   52   55   58   61   63
   66   68   70   72   74   77   81   86   93  101  110  119  127  135  141  144
  145  144  140  135  129  121  113  104   96   87   78   69   60   51   43   35
   28   23   20   18   18   21   25   32   39
    70.0-180.0 180.0   5.0 450.0                            LAT/LON1/LON2/DLON/H
   35   42   50   57   63   67   69   68   66   61   57   51   47   43   39   37
   35   34   33   33   33   35   36   39   41   44   46   49   51   53   56   59
   62   65   69   72   76   81   88   96  106  118  131  144  157  168  176  181
  183  181  177  170  161  152  143  133  123  114  104   93   83   73   62   52
   43   36   29   25   23   23   25   29   35
    67.5-180.0 180.0   5.0 450.0                            LAT/LON1/LON2/DLON/H
   32   38   44   50   55   58   59   58   56   52   48   44   41   40   39   39
   39   39   39   38   38   38   39   40   42   43   44   45   45   47   50   53
   58   63   69   74   80   87   95  106  119  134  151  168  185  198  208  214
  215  212  206  197  187  176  165  155  145  134  124  113  102   90   78   67
   57   48   40   33   29   27   26   28   32
    65.0-180.0 180.0   5.0 450.0                            LAT/LON1/LON2/DLON/H
   31   34   38   43   47   49   50   49   46   43   40   38   38   39   41   43
   45   45   45   43   42   41   41   41   41   41   41   40   39   40   43   48
   55   63   71   79   86   95  105  117  132  149  169  189  208  224  234  240
  239  235  226  215  203  191  180  169  158  148  137  125  113  101   89   77
   67   57   49   42   36   32   29   29   31
    62.5-180.0 180.0   5.0 450.0                            LAT/LON1/LON2/DLON/H
   31   32   34   37   40   42   42   41   39   37   35   35   36   39   43   47
   49   50   48   45   42   39   39   39   39   38   37   34   33   33   37   44
   54   65   76   87   96  105  116  128  144  164  185  207  227  243  253  257
  256  249  239  226  213  200  188  177  166  156  145  132  119  106   94   82
   72   64   56   49   43   38   34   31   31
    60.0-180.0 180.0   5.0 450.0                            LAT/LON1/LON2/DLON/H
   34   33   33   34   36   37   37   36   34   33   32   32   35   39   44   48
   51   50   46   41   36   33   32   33   35   35   33   30   28   28   34   44
   57   72   86   99  109  119  129  141  157  177  198  221  241  256  265  268
  265  257  246  233  220  207  195  184  174  163  151  137  123  109   96   85
   76   68   62   56   50   44   40   36   34
    57.5-180.0 180.0   5.0 450.0                            LAT/LON1/LON2/DLON/H
   39   37   36   35   35   35   34   33   32   31   31   32   34   38   43   47
   49   46   41   33   26   23   23   27   30   32   31   28   25   27   34   47
   64   82   99  113  125  134  144  156  171  190  211  233  252  266  273  275
  271  263  253  241  228  216  205  194  183  172  159  143  127  111   97   87
   79   73   68   63   58   52   47   42   39
    55.0-180.0 180.0   5.0 450.0                            LAT/LON1/LON2/DLON/H
   47   44   41   39   38   36   35   34   33   33   32   32   33   36   40   43
   44   41   33   24   16   13   15   22   29   33   33   30   27   29   38   54
   74   96  115  130  142  152  161  172  187  205  225  245  262  274  280  280
  276  269  261  251  241  230  219  208  197  185  170  153  135  117  102   91
   84   79   75   71   66   60   55   51   47
    52.5-180.0 180.0   5.0 450.0                            LAT/LON1/LON2/DLON/H
   57   54   51   48   44   41   39   37   36   36   35   34   34   34   37   39
   40   36   28   17    9    7   12   22   33   39   39   36   33   35   46   65
   87  110  130  147  159  170  179  191  205  222  241  259  274  283  287  286
  282  277  271  265  257  247  237  226  214  201  185  166  146  126  110   99
   92   88   84   79   74   69   64   61   57
    50.0-180.0 180.0   5.0 450.0                            LAT/LON1/LON2/DLON/H
   68   66   63   59   54   49   44   42   41   40   39   37   35   34   35   37
   38   36   28   18   10    9   16   29   43   50   50   46   42   44   56   77
  101  125  146  162  175  187  199  211  225  242  259  276  288  294  295  292
  288  284  282  279  273  264  253  242  230  217  200  180  158  137  120  109
  103   98   93   88   81   76   73   70   68
    47.5-180.0 180.0   5.0 450.0                            LAT/LON1/LON2/DLON/H
   79   78   76   71   65   58   52   47   45   45   44   41   38   35   35   39
   42   42   36   27   19   19   28   43   57   65   64   57   52   55   68   90
  115  139  159  176  191  205  218  232  247  263  279  294  304  307  304  298
  293  291  291  290  285  277  265  253  241  227  211  190  168  146  129  119
  112  108  101   94   86   81   79   79   79
    45.0-180.0 180.0   5.0 450.0                            LAT/LON1/LON2/DLON/H
   87   89   88   84   77   68   60   53   50   49   49   46   42   39   40   44
   50   53   51   43   36   37   46   61   75   81   78   69   62   64   79  102
  129  152  172  188  204  221  238  254  269  284  300  313  320  320  314  305
  298  295  296  296  292  283  270  257  244  231  215  195  172  150  134  124
  119  113  106   96   87   82   81   84   87
    42.5-180.0 180.0   5.0 450.0                            LAT/LON1/LON2/DLON/H
   91   95   96   93   86   77   67   59   55   54   54   52   49   46   47   54
   63   70   70   64   58   58   67   81   93   96   89   78   70   73   90  115
  142  165  184  200  218  237  256  273  288  303  317  330  336  334  324  311
  301  297  297  297  293  282  268  254  241  229  214  195  172  150  134  124
  120  114  106   94   84   79   80   85   91
    40.0-180.0 180.0   5.0 450.0                            LAT/LON1/LON2/DLON/H
   91   96   98   97   93   84   73   64   58   57   59   59   57   55   57   65
   77   87   90   85   79   79   86   98  107  107   98   85   77   81  100  128
  156  179  197  213  231  251  271  289  303  316  330  343  349  346  334  319
  306  300  299  297  292  281  266  251  239  227  213  194  171  148  131  121
  117  112  102   89   78   74   77   83   91
    37.5-180.0 180.0   5.0 450.0                            LAT/LON1/LON2/DLON/H
   88   93   96   97   94   87   77   67   61   60   63   66   66   66   69   78
   91  103  107  104   98   96  102  111  117  114  103   89   82   89  111  141
  172  195  212  227  244  265  284  299  312  324  338  352  361  359  348  332
  318  310  307  304  297  286  272  257  245  234  220  201  176  151  131  120
  115  109   99   86   75   71   74   81   88
    35.0-180.0 180.0   5.0 450.0                            LAT/LON1/LON2/DLON/H
   86   89   91   93   92   88   79   70   63   63   67   73   76   77   80   89
  103  115  120  117  111  109  113  120  122  117  105   92   87   97  122  157
  189  213  229  243  259  276  293  305  315  326  342  360  372  375  367  353
  341  333  329  325  318  308  294  281  269  257  243  222  196  166  142  127
  120  113  103   89   78   74   77   82   86
    32.5-180.0 180.0   5.0 450.0                            LAT/LON1/LON2/DLON/H
   91   89   87   88   88   86   80   72   65   65   71   79   84   87   90   99
  112  124  128  125  119  117  120  124  124  117  106   95   93  106  135  173
  208  233  249  260  273  287  300  308  315  327  345  368  387  396  395  388
  380  375  372  368  361  352  341  328  315  302  287  265  236  202  171  150
  139  131  120  107   96   91   91   92   91
    30.0-180.0 180.0   5.0 450.0                            LAT/LON1/LON2/DLON/H
  106   96   90   87   87   86   81   74   67   67   73   83   91   95   98  105
  117  128  132  129  124  123  126  128  125  117  107   99  101  117  149  190
  227  254  269  279  289  299  307  312  318  331  353  381  407  425  434  436
  437  438  438  435  429  421  411  398  384  368  351  329  298  259  222  193
  177  166  155  142  131  124  119  114  106
    27.5-180.0 180.0   5.0 450.0                            LAT/LON1/LON2/DLON/H
  134  117  103   95   91   89   84   78   71   69   75   86   95   99  101  108
  119  130  133  130  127  128  131  131  126  117  109  104  110  129  163  205
  245  272  288  298  306  313  317  320  327  343  370  403  436  463  482  497
  510  519  524  522  516  509  499  486  468  449  430  409  378  336  292  256
  233  219  208  196  184  174  164  151  134
    25.0-180.0 180.0   5.0 450.0                            LAT/LON1/LON2/DLON/H
  177  152  131  115  105   99   93   85   77   73   78   88   96   99  100  106
  117  128  132  131  129  132  136  135  128  119  112  111  119  140  175  218
  259  288  306  317  325  331  335  338  348  368  400  437  474  508  538  566
  591  610  620  620  614  605  594  577  555  532  513  493  465  424  375  331
  302  285  274  263  250  237  221  201  177
    22.5-180.0 180.0   5.0 450.0                            LAT/LON1/LON2/DLON/H
  229  199  171  148  131  118  107   97   86   79   81   88   95   95   94   99
  112  124  130  129  131  136  141  140  130  120  115  118  128  150  186  229
  270  301  322  337  348  357  362  368  383  408  443  481  520  557  594  633
  669  698  714  715  707  695  680  659  632  605  585  570  548  509  458  409
  375  356  345  335  321  305  285  259  229
    20.0-180.0 180.0   5.0 450.0                            LAT/LON1/LON2/DLON/H
  284  252  221  192  166  145  128  114   99   89   86   89   91   88   84   88
  102  117  124  126  130  138  145  142  132  122  119  124  136  159  194  236
  277  311  336  358  376  389  398  410  430  461  497  533  568  605  645  689
  734  770  791  793  782  765  744  718  686  656  637  628  614  581  530  478
  440  420  410  400  387  369  345  316  284
    17.5-180.0 180.0   5.0 450.0                            LAT/LON1/LON2/DLON/H
  333  304  273  239  206  177  155  136  117  102   94   92   88   79   70   73
   88  105  114  118  124  135  144  142  131  122  121  128  143  167  201  243
  283  319  351  381  408  427  441  459  486  521  556  586  614  645  684  728
  775  816  840  842  828  805  779  748  713  681  664  661  655  629  581  528
  488  467  457  449  436  417  392  363  333
    15.0-180.0 180.0   5.0 450.0                            LAT/LON1/LON2/DLON/H
  366  343  317  283  245  210  184  161  139  119  105   97   87   71   57   57
   72   90  100  104  112  126  137  136  126  119  121  132  149  173  208  249
  290  328  366  406  441  466  485  508  542  580  611  633  651  674  706  745
  789  828  853  857  840  813  782  749  713  682  667  668  669  650  607  554
  513  490  481  474  462  443  418  391  366
    12.5-180.0 180.0   5.0 450.0                            LAT/LON1/LON2/DLON/H
  378  364  345  314  275  239  210  186  162  138  120  107   90   66   46   42
   55   72   82   86   94  110  123  125  118  114  120  134  154  180  216  257
  297  338  382  430  472  502  523  551  589  628  654  665  673  688  712  741
  775  809  834  838  822  792  760  728  696  668  655  658  663  648  608  557
  514  490  480  473  461  442  419  396  378
    10.0-180.0 180.0   5.0 450.0                            LAT/LON1/LON2/DLON/H
  368  362  352  327  292  257  230  208  183  157  137  120   98   68   41   31
   40   55   63   65   73   90  105  110  107  107  118  136  158  187  225  266
  307  349  398  452  498  528  550  580  622  660  679  680  678  687  703  721
  741  765  788  796  782  754  724  697  672  650  639  641  645  631  593  542
  498  472  460  451  439  420  398  379  368
     7.5-180.0 180.0   5.0 450.0                            LAT/LON1/LON2/DLON/H
  339  341  338  320  291  262  240  222  200  175  154  135  111   77   44   29
   32   42   46   46   53   70   86   92   93   99  115  136  162  194  234  277
  318  360  412  468  514  540  560  591  635  672  683  674  667  673  686  694
  699  710  729  741  734  710  686  668  653  639  629  627  625  610  572  521
  475  445  428  417  403  383  361  345  339
     5.0-180.0 180.0   5.0 450.0                            LAT/LON1/LON2/DLON/H
  301  306  308  297  275  254  240  229  211  189  169  152  128   93   57   36
   33   37   37   34   38   53   68   75   80   91  111  136  164  200  243  287
  328  370  421  476  517  538  553  585  631  665  668  651  641  652  668  669
  658  657  672  689  689  673  657  649  647  641  631  623  613  592  553  502
  454  419  397  382  365  344  321  304  301
     2.5-180.0 180.0   5.0 450.0                            LAT/LON1/LON2/DLON/H
  264  269  273  265  249  236  231  227  215  197  181  168  148  115   77   52
   43   41   36   30   33   43   55   61   68   83  107  135  166  204  250  295
  335  375  424  475  509  522  534  567  616  646  640  614  606  627  653  653
  631  617  627  648  658  651  642  645  655  657  647  631  611  584  543  492
  442  403  376  356  336  313  288  269  264
