data/电离层参数/2024-01-15/TECU(buag)-1999.01.02-1999.01.03.txt
     1.0            IONOSPHERE MAPS     GNSS                IONEX VERSION / TYPE
IRIS V2.0           IRIS                20-Apr-19 13:17     PGM / RUN BY / DATE 
BUAA'S GLOBAL IONOSPHERE MAPS FOR DAY 002, 1999             COMMENT             
Contact address: Cheng Wang, acheng@buaa.edu.cn             DESCRIPTION         
Web page:        http://ionosphere.cn                       DESCRIPTION         
Advanced Ionosphere Labs at Beihang University              COMMENT             
Prima V1.0 from AI Labs @BUAA                               COMMENT             
  1999     1     2     0     0     0                        EPOCH OF FIRST MAP  
  1999     1     3     0     0     0                        EPOCH OF LAST MAP  
  3600                                                      INTERVAL            
    25                                                      # OF MAPS IN FILE   
  MSLM                                                      MAPPING FUNCTION    
Two-way carrier phase leveled to code                       OBSERVABLES USED    
   217                                                      # OF STATIONS       
    27                                                      # OF SATELLITES     
  6371.0                                                    BASE RADIUS         
     2                                                      MAP DIMENSION       
   450.0 450.0   0.0                                        HGT1 / HGT2 / DHGT  
    87.5 -87.5  -2.5                                        LAT1 / LAT2 / DLAT  
  -180.0 180.0   5.0                                        LON1 / LON2 / DLON  
    -1                                                      EXPONENT            
TEC/RMS values in 0.1 TECU; 9999, if no value available     COMMENT             
List of stations:                                           COMMENT             
albh algo alic amc2 ankr aoa1 aoml arp3 ashv atwc auck aus5 COMMENT             
azu1 bako barh blyt bogo bogt bor1 braz brmu brst brus bshm COMMENT             
bzrg cabl cagl carr casa casc ccjm ccv3 cedu chb1 chil chum COMMENT             
chur chwk cice cit1 clar cmp9 crfp dav1 dgar dhlg dnrc drao COMMENT             
dubo dum1 ebre elat eng1 eprt fair fale flin gal1 geno gilb COMMENT             
glpt glsv gode gol2 gold gope gras graz harv hers hflk hilo COMMENT             
hnlc hob2 hofn holb holp irkt joze jplm kabr karr katz ken1 COMMENT             
kerg kok1 kokb kosg kouc kstu kunm kwj1 kyw1 lama lasc lbch COMMENT             
lhas lhue lpgs mac1 mad2 madr mag0 mars mate math maui mdo1 COMMENT             
mdvo medi mets mil1 mlf1 mob1 monp nano neah newl newp nlib COMMENT             
noto nrc1 nssp nyal oat2 ober onsa palm patt pbl1 penc petp COMMENT             
pie1 pin1 plo3 pol2 pots prds psu1 pur3 pvep quin ramo reyk COMMENT             
rock sag1 samp sav1 sch2 scip seat sele sfer shao shee shk1 COMMENT             
sio3 sjdv sni1 sofi sol1 spk1 stb1 stjo syog tabl taej tela COMMENT             
thti thu1 tid1 tid2 tidb tixi torp toul tow2 trak tro1 tskb COMMENT             
uclp uclu unpg upad upo1 usc1 usna usno usud vcio vene vesl COMMENT             
vill vims vndp vtis wes2 whc1 whit widc will wis1 wlsn wnfl COMMENT             
wroc wslr wsrt wtzr wtzt wuhn xian yakz yar2 yell zeck zimm COMMENT             
zwen                                                        COMMENT             
                                                            END OF HEADER       
[from data line 6006]
    15                                                      START OF TEC MAP    
  1999     1     2    14     0     0                        EPOCH OF CURRENT MAP
    87.5-180.0 180.0   5.0 450.0                            LAT/LON1/LON2/DLON/H
  104  104  104  104  104  104  104  104  104  104  105  105  105  105  106  106
  106  106  106  107  107  107  107  107  107  107  107  107  107  107  106  106
  106  106  106  105  105  105  105  105  105  105  105  105  105  105  105  105
  105  106  106  106  106  106  106  106  106  106  106  106  106  106  106  106
  105  105  105  105  105  105  105  104  104
    85.0-180.0 180.0   5.0 450.0                            LAT/LON1/LON2/DLON/H
   95   95   95   95   95   95   95   95   95   96   96   97   97   98   99  100
  100  101  102  102  103  103  104  104  104  104  104  103  103  102  101  100
   99   98   98   97   96   95   95   94   94   94   94   95   95   96   96   97
   97   98   99   99  100  100  100  100  101  101  101  100  100  100  100   99
   99   99   98   98   97   97   96   96   95
    82.5-180.0 180.0   5.0 450.0                            LAT/LON1/LON2/DLON/H
   85   84   83   83   83   83   83   83   84   85   85   86   88   89   90   92
   93   94   96   97   98   99  100  100  101  101  100  100   99   97   95   93
   91   89   87   85   83   81   80   79   79   79   79   80   81   82   83   85
   86   87   88   89   90   91   92   92   92   92   92   92   92   91   91   90
   90   89   89   88   87   87   86   85   85
    80.0-180.0 180.0   5.0 450.0                            LAT/LON1/LON2/DLON/H
   75   74   73   72   72   72   72   72   73   74   75   77   78   80   82   84
   85   87   89   91   93   95   97   98   99  100  100   99   98   96   93   90
   86   82   78   74   70   67   65   63   62   62   63   64   66   67   70   72
   74   76   78   79   80   81   81   82   82   82   81   81   81   81   81   80
   80   80   79   79   78   77   76   75   75
    77.5-180.0 180.0   5.0 450.0                            LAT/LON1/LON2/DLON/H
   67   66   65   64   64   63   63   64   65   66   67   69   71   73   75   77
   79   81   83   86   89   92   95   98  101  103  104  104  103  101   98   93
   87   81   74   68   62   57   53   50   49   49   49   51   53   56   59   62
   64   66   68   70   71   71   71   71   71   71   71   70   70   70   70   71
   71   71   71   71   71   70   69   68   67
    75.0-180.0 180.0   5.0 450.0                            LAT/LON1/LON2/DLON/H
   64   63   61   60   60   59   59   60   60   62   63   65   67   68   70   71
   73   75   77   81   85   90   95  101  106  111  115  117  117  116  112  106
   98   89   80   71   63   55   49   45   43   42   43   45   47   50   53   56
   58   60   61   62   63   63   62   62   61   61   61   60   61   61   62   63
   64   64   65   66   66   66   65   65   64
    72.5-180.0 180.0   5.0 450.0                            LAT/LON1/LON2/DLON/H
   62   61   60   60   59   58   58   59   59   61   62   63   65   66   66   67
   68   69   72   76   81   88   97  106  116  125  132  137  139  139  135  128
  119  108   96   84   73   63   56   50   47   45   45   46   48   50   52   54
   56   57   57   57   57   56   55   54   53   53   53   53   53   54   56   57
   58   60   61   62   63   63   63   63   62
    70.0-180.0 180.0   5.0 450.0                            LAT/LON1/LON2/DLON/H
   61   61   61   60   60   59   59   59   60   61   62   63   63   63   63   63
   62   63   66   71   78   88  101  114  129  142  154  162  167  169  165  158
  148  135  121  106   92   80   71   64   59   57   56   56   56   56   56   56
   56   55   54   53   52   50   49   48   47   47   47   47   49   50   52   53
   55   57   58   59   60   61   61   61   61
    67.5-180.0 180.0   5.0 450.0                            LAT/LON1/LON2/DLON/H
   59   59   60   60   60   60   60   60   61   61   61   62   61   60   59   57
   56   57   60   66   76   89  106  124  144  162  177  190  197  200  198  191
  180  166  150  133  117  104   93   85   79   76   73   71   69   66   63   60
   57   54   51   49   47   45   44   43   42   42   43   45   46   48   50   52
   53   54   55   56   57   57   58   58   59
    65.0-180.0 180.0   5.0 450.0                            LAT/LON1/LON2/DLON/H
   55   56   57   59   59   60   60   60   59   59   59   58   57   56   53   51
   49   50   54   62   75   92  113  136  159  181  200  215  225  229  228  221
  210  195  178  160  144  129  118  109  103   98   93   89   83   76   70   63
   57   52   48   44   42   40   39   38   39   40   41   44   46   48   50   51
   52   52   52   52   52   53   53   54   55
    62.5-180.0 180.0   5.0 450.0                            LAT/LON1/LON2/DLON/H
   49   51   53   55   57   57   58   57   56   55   54   53   52   50   47   45
   43   45   50   61   77   98  122  149  175  199  219  235  246  250  250  243
  233  218  201  183  167  152  141  133  126  120  114  106   97   86   75   64
   55   48   43   40   37   36   35   35   36   38   41   44   47   50   51   52
   52   51   50   49   48   47   47   48   49
    60.0-180.0 180.0   5.0 450.0                            LAT/LON1/LON2/DLON/H
   44   45   48   50   52   54   54   53   51   50   48   47   45   43   41   39
   39   42   50   64   83  107  134  162  189  213  233  248  257  262  261  255
  245  231  215  199  184  171  161  153  147  141  132  122  109   94   79   65
   54   45   40   36   34   33   33   34   36   39   43   47   50   52   53   53
   52   51   49   47   45   44   43   43   44
    57.5-180.0 180.0   5.0 450.0                            LAT/LON1/LON2/DLON/H
   41   42   44   46   49   50   50   49   46   44   42   40   39   38   36   36
   38   44   55   71   93  119  147  176  202  224  241  253  260  263  261  256
  247  235  221  207  194  184  176  170  164  158  148  135  119  101   83   66
   53   44   39   36   35   34   34   36   38   42   46   50   54   56   56   56
   55   53   51   48   46   44   42   41   41
    55.0-180.0 180.0   5.0 450.0                            LAT/LON1/LON2/DLON/H
   43   42   42   44   46   47   47   45   43   40   38   36   35   34   34   36
   40   49   63   83  107  134  162  189  213  231  244  252  256  257  255  249
  242  232  220  209  200  192  187  183  179  172  162  147  129  108   88   70
   57   48   43   41   40   40   40   41   44   47   52   55   58   60   60   60
   58   57   55   53   52   49   47   45   43
    52.5-180.0 180.0   5.0 450.0                            LAT/LON1/LON2/DLON/H
   50   47   45   45   46   47   46   44   41   39   36   35   34   34   35   39
   46   58   76   98  123  151  178  202  222  236  244  248  249  248  245  240
  233  225  216  209  203  199  196  194  191  185  174  159  140  118   97   79
   65   57   52   51   50   50   50   51   53   55   59   62   63   64   64   64
   63   63   62   62   61   59   56   53   50
    50.0-180.0 180.0   5.0 450.0                            LAT/LON1/LON2/DLON/H
   60   55   52   50   49   49   48   46   43   40   38   37   36   36   38   44
   54   70   90  114  140  167  193  214  230  239  243  244  243  240  237  232
  226  219  213  209  207  206  207  207  204  198  187  171  152  130  110   92
   78   70   66   64   64   63   63   62   63   65   67   68   69   69   68   68
   68   69   70   71   71   71   69   65   60
    47.5-180.0 180.0   5.0 450.0                            LAT/LON1/LON2/DLON/H
   72   66   60   56   54   53   52   49   47   44   43   42   41   41   43   50
   63   82  105  131  157  183  206  224  237  243  245  243  241  238  234  229
  224  219  215  213  214  217  219  220  218  211  200  184  165  145  125  108
   94   86   81   80   78   77   75   74   74   74   74   74   73   72   71   71
   72   74   76   78   80   81   80   77   72
    45.0-180.0 180.0   5.0 450.0                            LAT/LON1/LON2/DLON/H
   81   74   68   63   60   59   57   54   52   50   49   48   47   47   49   57
   73   94  120  146  172  196  217  233  244  248  248  247  245  243  239  235
  229  224  222  222  226  231  235  236  232  224  212  197  179  161  142  124
  111  101   96   93   91   89   86   84   82   81   80   79   76   74   73   73
   74   76   78   81   83   86   87   85   81
    42.5-180.0 180.0   5.0 450.0                            LAT/LON1/LON2/DLON/H
   84   79   73   68   65   64   62   59   57   56   56   55   54   53   55   64
   82  106  134  161  186  208  227  242  251  255  255  255  255  254  251  246
  240  235  233  236  241  247  251  252  247  237  224  209  193  175  157  140
  125  114  107  103  100   97   94   90   88   86   84   81   78   75   73   73
   74   75   76   77   80   83   86   87   84
    40.0-180.0 180.0   5.0 450.0                            LAT/LON1/LON2/DLON/H
   81   78   74   70   68   67   65   63   61   60   61   62   62   60   62   72
   91  119  148  176  200  220  238  251  259  262  264  266  268  269  267  262
  255  249  248  251  258  264  268  267  260  248  234  219  204  188  170  153
  137  124  116  111  107  103   99   94   90   87   85   82   78   75   73   72
   71   70   68   68   69   73   77   81   81
    37.5-180.0 180.0   5.0 450.0                            LAT/LON1/LON2/DLON/H
   71   71   69   68   68   68   67   65   63   64   66   69   69   67   69   80
  102  133  164  192  215  233  249  260  267  271  273  277  282  285  283  277
  270  264  263  267  274  280  283  280  271  258  243  228  214  199  183  164
  147  133  124  118  114  110  104   98   92   88   85   82   80   77   74   71
   68   64   59   56   55   57   63   68   71
    35.0-180.0 180.0   5.0 450.0                            LAT/LON1/LON2/DLON/H
   58   61   62   63   65   67   67   65   64   65   70   74   76   76   79   91
  116  149  182  210  232  249  262  271  277  280  283  288  295  299  297  291
  283  278  277  282  289  294  296  292  282  268  253  239  226  212  196  177
  159  145  135  130  126  121  114  105   98   92   88   86   84   81   77   72
   67   60   52   46   42   42   47   53   58
    32.5-180.0 180.0   5.0 450.0                            LAT/LON1/LON2/DLON/H
   46   50   53   56   60   64   65   64   63   65   72   79   83   85   89  104
  131  167  203  231  252  267  277  284  287  289  292  298  305  310  308  302
  295  290  291  297  303  308  310  305  296  282  267  253  241  229  214  196
  178  163  155  151  147  142  133  121  110  102   97   95   93   90   84   78
   70   61   51   42   36   34   36   40   46
    30.0-180.0 180.0   5.0 450.0                            LAT/LON1/LON2/DLON/H
   39   42   46   50   55   59   61   61   61   65   73   83   90   94  100  117
  148  187  224  254  274  287  294  298  298  298  300  307  315  319  317  312
  306  304  308  314  320  325  327  323  315  302  288  276  265  254  241  224
  206  192  185  182  180  174  162  147  132  120  114  111  109  105   98   89
   79   70   60   50   42   36   34   36   39
    27.5-180.0 180.0   5.0 450.0                            LAT/LON1/LON2/DLON/H
   40   41   42   45   50   54   57   58   59   64   74   86   96  102  111  131
  164  205  245  276  296  308  313  313  310  308  310  317  325  329  327  324
  322  324  330  337  344  349  351  349  343  333  320  309  299  290  277  262
  245  232  225  223  222  216  203  183  163  148  139  135  132  126  117  106
   96   87   79   70   61   52   46   42   40
    25.0-180.0 180.0   5.0 450.0                            LAT/LON1/LON2/DLON/H
   52   47   45   45   47   50   54   56   58   63   74   87   99  108  120  142
  178  222  264  297  317  328  332  330  325  321  324  331  338  343  343  343
  346  353  362  371  377  383  386  387  383  375  363  352  343  334  324  309
  293  279  272  271  271  265  249  227  203  183  171  165  160  152  140  128
  118  111  106  100   92   81   69   59   52
    22.5-180.0 180.0   5.0 450.0                            LAT/LON1/LON2/DLON/H
   72   61   53   48   47   48   51   54   57   63   74   87  100  112  126  151
  189  236  280  314  337  349  352  349  342  339  342  350  359  364  368  374
  384  396  408  417  423  428  433  436  434  427  415  403  393  385  376  363
  346  330  320  318  318  312  296  272  244  221  206  197  190  179  165  152
  143  140  139  137  130  117  102   86   72
    20.0-180.0 180.0   5.0 450.0                            LAT/LON1/LON2/DLON/H
   97   80   67   56   50   49   51   54   57   63   73   86  100  113  131  158
  199  246  292  329  355  370  374  371  366  364  369  378  387  394  403  417
  435  453  467  475  480  485  490  494  493  486  473  458  446  438  429  416
  397  377  363  357  356  351  336  311  282  256  239  228  217  204  188  175
  168  168  171  172  168  156  137  117   97
    17.5-180.0 180.0   5.0 450.0                            LAT/LON1/LON2/DLON/H
  123  102   84   68   57   52   52   55   59   64   72   84   98  113  134  165
  208  256  303  342  372  392  400  399  395  396  403  413  423  434  449  472
  499  522  536  543  546  549  554  557  555  545  529  511  497  487  478  463
  441  415  394  384  382  377  364  340  310  285  266  253  240  223  206  193
  188  190  197  201  199  188  169  147  123
    15.0-180.0 180.0   5.0 450.0                            LAT/LON1/LON2/DLON/H
  146  123  101   81   66   58   56   58   61   64   71   81   96  114  139  174
  218  267  315  357  391  416  430  433  432  435  444  455  465  479  502  534
  569  596  610  613  613  614  617  618  613  600  580  558  540  528  518  502
  475  442  414  397  392  388  377  355  327  302  284  270  254  236  217  205
  201  205  212  218  218  210  193  170  146
    12.5-180.0 180.0   5.0 450.0                            LAT/LON1/LON2/DLON/H
  163  140  117   96   78   67   63   63   64   66   70   79   95  117  147  186
  233  282  329  373  413  444  464  472  475  481  490  500  510  526  555  597
  639  668  679  678  675  674  673  670  661  645  621  595  574  559  548  529
  498  458  422  400  392  387  377  357  333  311  294  279  262  241  222  209
  206  210  217  222  223  218  205  185  163
    10.0-180.0 180.0   5.0 450.0                            LAT/LON1/LON2/DLON/H
  172  152  131  109   91   78   71   69   67   67   70   80   97  122  158  202
  251  300  347  392  437  475  502  515  522  529  538  545  552  570  605  653
  700  728  735  730  724  721  717  709  696  676  650  623  599  582  568  548
  513  468  426  398  386  380  370  352  331  312  298  284  266  243  222  209
  205  207  211  215  216  214  205  191  172
     7.5-180.0 180.0   5.0 450.0                            LAT/LON1/LON2/DLON/H
  175  158  140  122  104   90   81   75   71   68   71   82  101  131  171  220
  272  321  367  413  461  506  539  557  567  575  582  585  589  606  643  696
  743  769  772  764  757  752  745  732  715  694  669  642  617  599  584  561
  524  476  430  399  383  375  363  346  327  313  302  289  270  245  222  208
  201  200  200  201  202  202  198  189  175
     5.0-180.0 180.0   5.0 450.0                            LAT/LON1/LON2/DLON/H
  172  160  146  132  117  103   91   82   74   70   73   86  108  141  186  238
  291  340  385  432  483  533  571  594  606  614  619  618  617  631  668  720
  766  787  786  777  770  765  756  739  720  700  680  656  633  614  597  572
  535  486  440  407  389  376  362  344  328  318  311  300  280  253  228  210
  200  194  190  187  187  189  188  183  172
     2.5-180.0 180.0   5.0 450.0                            LAT/LON1/LON2/DLON/H
  169  159  150  140  128  115  102   89   78   73   77   91  116  151  198  252
  307  355  399  446  499  551  593  618  633  641  644  639  634  644  678  726
  766  782  778  770  767  764  753  734  714  699  685  669  649  629  610  584
  547  501  457  425  404  388  369  350  336  331  328  319  299  270  242  221
  206  195  186  180  178  180  180  176  169
