data/电离层参数/2024-01-23/TEC(buag)-2020.01.05-2020.01.06.txt
     1.0            IONOSPHERE MAPS     GNSS                IONEX VERSION / TYPE
IRIS V2.0           IRIS                25-Apr-21 02:07     PGM / RUN BY / DATE 
BUAA'S GLOBAL IONOSPHERE MAPS FOR DAY 005, 2020             COMMENT             
Contact address: Cheng WANG, acheng@buaa.edu.cn             DESCRIPTION         
Web page:        http://ionosphere.cn                       DESCRIPTION         
Advanced Ionosphere Labs at Beihang University              COMMENT             
Prima V1.0 from AI Labs @BUAA                               COMMENT             
  2020     1     5     0     0     0                        EPOCH OF FIRST MAP  
  2020     1     6     0     0     0                        EPOCH OF LAST MAP  
  3600                                                      INTERVAL            
    25                                                      # OF MAPS IN FILE   
  MSLM                                                      MAPPING FUNCTION    
Two-way carrier phase leveled to code                       OBSERVABLES USED    
   280                                                      # OF STATIONS       
    32                                                      # OF SATELLITES     
  6371.0                                                    BASE RADIUS         
     2                                                      MAP DIMENSION       
   450.0 450.0   0.0                                        HGT1 / HGT2 / DHGT  
    87.5 -87.5  -2.5                                        LAT1 / LAT2 / DLAT  
  -180.0 180.0   5.0                                        LON1 / LON2 / DLON  
    -1                                                      EXPONENT            
TEC/RMS values in 0.1 TECU; 9999, if no value available     COMMENT             
List of stations:                                           COMMENT             
abmf abpo adis aira albh algo alic ankr areq artu aspa auck COMMENT             
azu1 badg baie bake bako bamf barh bill bjco bjfs blyt bogt COMMENT             
bor1 braz brew brft brmu brst brux bshm bucu bzrg cags cas1 COMMENT             
ccj2 cedu chan chil chpi chti chum chur chwk cit1 ckis cmp9 COMMENT             
cnmr cord coso crfp cro1 cusv daej darw dav1 dear dgar dhlg COMMENT             
drao dubo dund escu faa1 fair falk ffmj flin flrs frdn func COMMENT             
geno glps glsv gmsd gode godz gol2 gold gope guam guat hers COMMENT             
hert hlfx hnpt hnus hob2 hofn holb hrao hueg hyde ieng iisc COMMENT             
invk iqal iqqe irkj irkm isba ista joz2 joze jplm karr kat1 COMMENT             
kerg kgni kir0 kiri kiru kokb kokv kouc kour lama laut lbch COMMENT             
leij lhaz lhcl lmmf lpal lroc mac1 mad2 madr mal2 mana mar6 COMMENT             
mas1 mat1 mate maw1 mbar mcil mcm4 mdvj medi mfkg mgue mikl COMMENT             
mkea mobj mobk mobn mobs monp morp mqzg mtka nano naur newl COMMENT             
nico nist nium nklg nlib nnor novm nrc1 nril nvsk nyal ohi2 COMMENT             
ohi3 opmt orid pado palm parc park pdel penc pert pets pgc5 COMMENT             
picl pie1 pimo pin1 pngm pohn pol2 polv pove prds ptbb qaq1 COMMENT             
quin ramo redu reun reyk riga riop rock roth salu samo sant COMMENT             
sask savo sbok sch2 scip scor sfdm sfer she2 smst sofi spk1 COMMENT             
spt0 ssia sthl stjo stk2 str1 str2 sulp suth suwn svtl sydn COMMENT             
syog tabl tdou thti thu2 tid1 tidb tixi tlse tong torp tow2 COMMENT             
trak tro1 tsk2 tskb tubi tukt twtf uclu ufpr uldi unbj usud COMMENT             
vacs vald vill vis0 vndp wab2 warn wgtn whc1 whit widc will COMMENT             
wlsn wroc wtza wtzr wtzs wtzz xmis yar3 yarr yebe yell ykro COMMENT             
zamb zeck zim2 zimm                                         COMMENT             
                                                            END OF HEADER       
[from data line 3003]
     8                                                      START OF TEC MAP    
  2020     1     5     7     0     0                        EPOCH OF CURRENT MAP
    87.5-180.0 180.0   5.0 450.0                            LAT/LON1/LON2/DLON/H
   30   30   31   31   32   32   33   33   33   33   34   34   34   34   34   34
   34   34   34   34   34   33   33   33   33   33   32   32   32   32   32   32
   31   31   31   31   30   30   30   30   30   29   29   29   29   28   28   28
   28   28   27   27   27   27   27   27   27   27   27   27   27   27   27   27
   27   27   28   28   28   29   29   30   30
    85.0-180.0 180.0   5.0 450.0                            LAT/LON1/LON2/DLON/H
   27   28   30   31   32   33   34   34   35   36   36   36   36   36   36   35
   35   34   34   33   33   32   32   31   31   31   30   30   30   30   30   29
   29   29   29   29   28   28   28   28   27   27   27   26   26   25   25   25
   24   24   24   24   23   23   23   22   22   22   22   21   21   21   21   21
   22   22   22   23   24   24   25   26   27
    82.5-180.0 180.0   5.0 450.0                            LAT/LON1/LON2/DLON/H
   24   26   27   29   31   33   35   36   37   37   38   38   37   36   35   34
   33   32   31   29   28   27   27   26   26   26   25   25   26   26   26   26
   26   26   26   26   26   25   25   24   24   24   23   23   23   22   22   22
   22   21   21   21   21   21   20   20   19   19   18   18   17   17   17   16
   16   16   17   17   18   19   20   22   24
    80.0-180.0 180.0   5.0 450.0                            LAT/LON1/LON2/DLON/H
   20   22   25   28   31   33   35   37   38   39   39   38   37   36   34   32
   30   27   25   24   22   21   20   19   19   19   20   20   21   21   22   23
   23   23   23   23   22   22   21   21   20   20   19   19   19   19   19   20
   20   20   20   21   21   21   20   20   20   19   18   18   17   16   15   14
   13   13   12   13   13   14   16   17   20
    77.5-180.0 180.0   5.0 450.0                            LAT/LON1/LON2/DLON/H
   17   20   23   27   30   33   36   38   39   40   39   38   36   34   31   28
   25   22   20   17   15   14   13   13   13   14   14   16   17   18   19   20
   21   21   21   20   20   19   18   17   16   15   15   15   16   16   17   18
   20   21   22   22   23   23   23   23   23   22   22   21   20   18   17   15
   14   12   11   10   10   11   12   14   17
    75.0-180.0 180.0   5.0 450.0                            LAT/LON1/LON2/DLON/H
   15   19   22   26   30   34   37   39   40   40   39   37   35   32   28   25
   21   18   15   13   11    9    9    9    9   10   12   13   15   17   18   19
   20   20   19   18   17   15   14   13   12   11   11   12   13   15   17   19
   21   23   25   26   27   28   28   28   28   28   27   26   25   24   22   20
   17   15   13   11   10   10   11   13   15
    72.5-180.0 180.0   5.0 450.0                            LAT/LON1/LON2/DLON/H
   16   19   23   27   31   35   37   39   40   40   38   36   33   30   26   23
   19   16   13   11    9    8    8    8    8   10   11   13   15   17   19   20
   20   20   18   17   15   13   11    9    8    8    9   10   13   15   18   22
   25   27   30   31   33   33   34   34   34   34   33   33   32   31   29   26
   23   20   17   15   13   12   12   14   16
    70.0-180.0 180.0   5.0 450.0                            LAT/LON1/LON2/DLON/H
   18   21   25   29   32   36   38   40   40   39   37   35   32   28   25   22
   19   17   15   13   12   10   10   10   10   11   13   15   17   18   20   20
   20   19   18   15   13   10    8    7    6    6    8   10   14   18   22   26
   30   33   35   37   38   39   39   38   38   38   38   38   38   37   35   33
   30   26   23   20   17   16   16   16   18
    67.5-180.0 180.0   5.0 450.0                            LAT/LON1/LON2/DLON/H
   22   25   28   31   34   37   39   40   40   38   36   33   31   28   25   23
   21   20   19   17   16   15   14   14   13   14   15   16   18   19   20   20
   20   18   16   14   11    8    6    5    5    6    9   13   17   22   27   32
   36   39   42   43   43   43   42   41   41   40   40   41   41   41   40   38
   35   31   28   25   22   20   20   21   22
    65.0-180.0 180.0   5.0 450.0                            LAT/LON1/LON2/DLON/H
   26   29   31   34   36   38   40   40   39   37   35   32   30   27   26   25
   24   24   23   22   21   20   18   17   16   16   16   16   17   18   19   19
   18   17   14   12    9    7    6    5    6    8   12   16   22   27   33   38
   42   45   47   48   48   47   45   43   41   40   40   41   42   42   41   40
   37   34   31   28   26   25   24   25   26
    62.5-180.0 180.0   5.0 450.0                            LAT/LON1/LON2/DLON/H
   30   32   34   36   38   39   40   40   39   37   34   31   29   27   26   26
   26   27   27   26   25   23   20   18   16   15   14   15   15   16   16   16
   15   14   12   10    8    7    6    6    8   11   16   22   28   34   39   44
   48   50   52   52   52   50   47   44   42   40   39   40   41   41   41   39
   37   35   32   30   29   28   28   29   30
    60.0-180.0 180.0   5.0 450.0                            LAT/LON1/LON2/DLON/H
   34   35   37   38   39   40   40   40   38   36   33   30   28   26   26   26
   27   27   27   27   25   22   20   17   14   12   11   11   11   12   13   13
   13   12   11   10    8    8    8    9   12   16   21   28   34   40   45   49
   52   54   55   56   55   53   50   46   43   41   40   40   40   40   40   38
   36   34   32   31   31   31   32   32   34
    57.5-180.0 180.0   5.0 450.0                            LAT/LON1/LON2/DLON/H
   36   37   38   39   40   41   41   40   38   35   32   29   27   25   24   24
   24   25   25   24   22   19   16   13   10    9    7    7    8    9   10   11
   11   11   11   10   10   10   11   13   16   21   27   34   41   46   50   53
   55   57   58   59   59   57   55   51   47   44   42   42   41   41   40   38
   36   34   33   33   33   34   34   35   36
    55.0-180.0 180.0   5.0 450.0                            LAT/LON1/LON2/DLON/H
   37   38   39   40   41   42   42   40   38   35   31   28   25   23   21   21
   21   20   20   19   17   15   12    9    7    5    5    5    6    7    9   11
   12   12   12   13   13   14   16   18   22   27   33   40   47   52   55   57
   58   58   60   61   63   63   61   58   54   51   48   47   46   44   43   40
   38   36   36   36   37   37   37   37   37
    52.5-180.0 180.0   5.0 450.0                            LAT/LON1/LON2/DLON/H
   39   39   40   41   43   44   43   41   39   35   31   27   24   22   19   18
   17   16   15   14   13   11    9    7    6    4    4    5    6    9   11   13
   15   15   16   17   19   20   23   25   29   33   39   46   52   57   60   60
   60   60   61   64   67   69   69   67   63   60   56   54   52   50   48   45
   43   41   41   42   42   41   40   39   39
    50.0-180.0 180.0   5.0 450.0                            LAT/LON1/LON2/DLON/H
   40   40   41   43   45   46   46   44   41   36   32   28   25   22   20   17
   15   14   13   12   12   11   10    9    8    7    7    8   10   13   16   18
   20   21   22   23   25   28   31   33   36   40   46   52   58   63   65   65
   63   62   64   67   71   75   77   76   72   68   65   62   60   58   55   52
   50   49   49   49   49   47   45   42   40
    47.5-180.0 180.0   5.0 450.0                            LAT/LON1/LON2/DLON/H
   42   41   43   46   48   50   50   48   45   40   35   31   29   26   24   21
   18   17   16   16   17   17   17   16   15   14   14   15   17   19   22   25
   26   27   28   30   33   36   40   43   45   48   53   59   65   69   71   70
   68   66   67   70   75   80   83   82   79   75   72   69   67   65   62   59
   58   57   58   58   57   54   49   45   42
    45.0-180.0 180.0   5.0 450.0                            LAT/LON1/LON2/DLON/H
   44   44   45   49   52   55   56   54   50   45   40   38   36   36   34   31
   28   26   26   27   28   29   28   27   26   24   23   23   24   27   30   32
   33   33   33   36   40   45   49   53   55   57   61   66   71   76   78   77
   74   72   72   74   79   84   86   86   83   79   75   73   71   70   68   66
   65   65   66   66   64   59   53   48   44
    42.5-180.0 180.0   5.0 450.0                            LAT/LON1/LON2/DLON/H
   47   47   49   52   56   60   61   60   57   52   48   47   48   50   50   48
   46   44   43   45   46   46   45   42   38   35   32   31   32   34   36   38
   38   38   38   41   46   52   58   62   64   66   69   73   78   82   85   84
   82   79   78   79   82   86   88   87   84   79   76   74   73   73   72   71
   71   72   73   73   69   64   57   51   47
    40.0-180.0 180.0   5.0 450.0                            LAT/LON1/LON2/DLON/H
   50   50   52   55   59   63   66   66   63   59   57   58   62   68   71   71
   69   67   66   67   68   66   63   57   51   45   41   39   39   40   41   42
   42   41   41   44   50   58   65   71   73   74   76   80   84   89   92   92
   91   88   85   84   85   87   88   87   83   78   75   74   75   75   75   75
   75   76   77   76   72   66   59   53   50
    37.5-180.0 180.0   5.0 450.0                            LAT/LON1/LON2/DLON/H
   53   53   55   57   60   64   68   70   69   66   65   69   77   87   94   96
   94   92   91   91   90   87   79   70   61   53   47   44   43   44   45   45
   44   42   42   45   51   61   70   77   80   82   83   86   90   94   97  100
  100   98   94   91   90   90   90   88   84   79   77   77   79   81   81   81
   81   81   80   78   73   67   60   55   53
    35.0-180.0 180.0   5.0 450.0                            LAT/LON1/LON2/DLON/H
   57   57   57   57   59   62   68   72   73   72   72   78   91  105  115  119
  118  116  114  113  110  104   93   80   67   58   51   48   46   46   46   46
   45   43   42   44   51   61   72   80   85   87   89   91   94   98  102  106
  108  107  104   99   96   94   94   92   89   86   85   87   90   92   93   92
   90   88   85   80   74   67   61   58   57
    32.5-180.0 180.0   5.0 450.0                            LAT/LON1/LON2/DLON/H
   61   61   60   58   57   59   65   70   73   74   76   84  100  118  131  137
  137  134  131  129  124  115  101   85   70   59   53   49   48   47   47   47
   46   44   42   43   49   59   71   81   87   91   94   96   98  101  106  111
  116  117  114  109  105  103  103  103  102  102  102  105  109  112  111  109
  104   99   92   85   76   69   63   61   61
    30.0-180.0 180.0   5.0 450.0                            LAT/LON1/LON2/DLON/H
   66   66   64   59   55   55   60   67   72   73   76   85  103  123  139  147
  146  143  140  137  131  119  103   85   70   59   53   50   49   48   48   47
   47   45   42   42   47   57   69   80   88   94   98  100  103  106  110  117
  123  126  125  120  116  115  118  121  123  125  128  132  137  139  138  133
  125  116  105   94   83   73   67   65   66
    27.5-180.0 180.0   5.0 450.0                            LAT/LON1/LON2/DLON/H
   72   72   69   63   55   53   56   63   68   70   72   82  100  121  138  146
  146  142  140  136  130  117  101   82   67   57   53   51   51   50   49   48
   48   46   43   41   45   55   68   80   90   97  102  106  109  111  116  123
  131  136  136  132  129  131  137  144  151  156  161  166  170  171  169  162
  151  138  123  108   94   82   74   71   72
    25.0-180.0 180.0   5.0 450.0                            LAT/LON1/LON2/DLON/H
   80   80   77   69   59   53   54   60   65   66   68   75   92  112  129  136
  136  133  131  128  122  110   94   78   64   56   53   53   53   51   50   50
   50   49   45   42   45   55   70   83   93  101  108  113  117  120  124  131
  140  146  148  145  144  148  158  170  181  189  195  200  204  204  200  191
  179  163  145  127  110   95   85   80   80
    22.5-180.0 180.0   5.0 450.0                            LAT/LON1/LON2/DLON/H
   88   89   86   78   67   58   56   60   64   64   64   69   82  100  114  120
  119  117  116  114  109  100   87   73   62   56   54   54   54   52   51   51
   52   51   47   44   47   59   76   91  101  108  116  123  128  131  134  141
  150  157  159  158  159  166  179  195  209  219  226  230  231  230  225  217
  204  187  168  148  129  111   97   90   88
    20.0-180.0 180.0   5.0 450.0                            LAT/LON1/LON2/DLON/H
   97   97   97   90   78   66   62   63   66   65   62   64   73   86   97  101
  100   99  100   99   96   88   79   69   61   56   55   56   55   53   51   52
   54   53   49   47   53   68   87  103  113  119  126  134  140  144  147  153
  161  168  170  171  173  182  197  215  231  242  247  249  248  246  241  233
  221  206  188  169  148  128  112  101   97
    17.5-180.0 180.0   5.0 450.0                            LAT/LON1/LON2/DLON/H
  105  106  106  101   90   77   70   69   71   69   65   63   67   75   82   84
   84   84   85   86   83   78   72   66   61   57   56   56   55   52   50   51
   54   53   50   50   60   80  103  121  129  133  138  145  152  157  160  165
  172  178  180  181  185  195  211  229  245  254  257  256  252  249  244  238
  230  218  203  185  166  145  126  112  105
    15.0-180.0 180.0   5.0 450.0                            LAT/LON1/LON2/DLON/H
  113  112  114  111  101   87   78   76   77   75   71   66   66   69   72   72
   72   74   76   77   75   71   68   65   62   59   57   56   53   50   48   50
   52   53   51   54   69   95  122  140  146  147  149  155  163  168  172  176
  181  186  188  190  194  204  219  237  250  257  256  251  245  240  237  234
  229  220  210  197  180  160  139  122  113
    12.5-180.0 180.0   5.0 450.0                            LAT/LON1/LON2/DLON/H
  120  117  119  117  108   95   85   82   84   83   79   73   70   69   68   67
   68   71   74   74   70   66   65   64   63   60   57   54   51   47   46   48
   51   51   51   57   78  109  141  159  163  159  158  163  170  176  180  184
  187  191  193  195  200  210  224  238  249  253  248  239  231  226  224  223
  221  217  211  202  190  172  151  132  120
    10.0-180.0 180.0   5.0 450.0                            LAT/LON1/LON2/DLON/H
  126  121  121  119  111   98   88   86   88   89   86   81   77   73   70   69
   71   75   78   76   70   65   64   65   64   61   57   53   48   44   43   46
   49   50   51   60   85  121  155  174  175  168  164  167  173  179  183  187
  190  192  195  198  203  213  225  237  245  246  239  227  217  213  212  213
  213  211  207  203  195  181  161  141  126
     7.5-180.0 180.0   5.0 450.0                            LAT/LON1/LON2/DLON/H
  133  124  121  118  109   97   88   86   89   92   92   88   83   79   75   74
   78   84   86   81   72   65   63   65   65   62   57   51   46   42   42   45
   48   49   51   63   90  129  163  181  180  171  165  167  172  178  182  185
  188  190  193  197  204  214  225  236  242  242  233  221  212  207  208  209
  209  207  204  202  197  187  170  150  133
     5.0-180.0 180.0   5.0 450.0                            LAT/LON1/LON2/DLON/H
  140  127  121  115  105   93   84   82   86   91   93   91   87   83   80   81
   86   93   94   87   75   66   63   64   65   62   56   50   44   41   41   45
   48   50   53   65   93  130  163  179  178  170  164  164  168  174  178  181
  183  185  188  194  203  213  225  236  243  243  237  226  218  215  216  216
  213  208  204  201  199  192  178  159  140
     2.5-180.0 180.0   5.0 450.0                            LAT/LON1/LON2/DLON/H
  149  133  122  112  102   90   81   79   82   87   90   90   88   85   84   86
   93  100  101   92   78   66   62   63   64   61   55   49   43   41   42   46
   50   52   55   67   92  126  156  170  170  164  160  161  164  168  172  174
  176  177  181  188  199  211  225  238  249  253  250  243  238  236  237  234
  227  217  208  203  200  196  185  167  149
