data/电离层参数/2024-01-23/TEC(buag)-2020.01.05-2020.01.06.txt
     1.0            IONOSPHERE MAPS     GNSS                IONEX VERSION / TYPE
IRIS V2.0           IRIS                25-Apr-21 02:07     PGM / RUN BY / DATE 
BUAA'S GLOBAL IONOSPHERE MAPS FOR DAY 005, 2020             COMMENT             
Contact address: Cheng WANG, acheng@buaa.edu.cn             DESCRIPTION         
Web page:        http://ionosphere.cn                       DESCRIPTION         
Advanced Ionosphere Labs at Beihang University              COMMENT             
Prima V1.0 from AI Labs @BUAA                               COMMENT             
  2020     1     5     0     0     0                        EPOCH OF FIRST MAP  
  2020     1     6     0     0     0                        EPOCH OF LAST MAP  
  3600                                                      INTERVAL            
    25                                                      # OF MAPS IN FILE   
  MSLM                                                      MAPPING FUNCTION    
Two-way carrier phase leveled to code                       OBSERVABLES USED    
   280                                                      # OF STATIONS       
    32                                                      # OF SATELLITES     
  6371.0                                                    BASE RADIUS         
     2                                                      MAP DIMENSION       
   450.0 450.0   0.0                                        HGT1 / HGT2 / DHGT  
    87.5 -87.5  -2.5                                        LAT1 / LAT2 / DLAT  
  -180.0 180.0   5.0                                        LON1 / LON2 / DLON  
    -1                                                      EXPONENT            
TEC/RMS values in 0.1 TECU; 9999, if no value available     COMMENT             
List of stations:                                           COMMENT             
abmf abpo adis aira albh algo alic ankr areq artu aspa auck COMMENT             
azu1 badg baie bake bako bamf barh bill bjco bjfs blyt bogt COMMENT             
bor1 braz brew brft brmu brst brux bshm bucu bzrg cags cas1 COMMENT             
ccj2 cedu chan chil chpi chti chum chur chwk cit1 ckis cmp9 COMMENT             
cnmr cord coso crfp cro1 cusv daej darw dav1 dear dgar dhlg COMMENT             
drao dubo dund escu faa1 fair falk ffmj flin flrs frdn func COMMENT             
geno glps glsv gmsd gode godz gol2 gold gope guam guat hers COMMENT             
hert hlfx hnpt hnus hob2 hofn holb hrao hueg hyde ieng iisc COMMENT             
invk iqal iqqe irkj irkm isba ista joz2 joze jplm karr kat1 COMMENT             
kerg kgni kir0 kiri kiru kokb kokv kouc kour lama laut lbch COMMENT             
leij lhaz lhcl lmmf lpal lroc mac1 mad2 madr mal2 mana mar6 COMMENT             
mas1 mat1 mate maw1 mbar mcil mcm4 mdvj medi mfkg mgue mikl COMMENT             
mkea mobj mobk mobn mobs monp morp mqzg mtka nano naur newl COMMENT             
nico nist nium nklg nlib nnor novm nrc1 nril nvsk nyal ohi2 COMMENT             
ohi3 opmt orid pado palm parc park pdel penc pert pets pgc5 COMMENT             
picl pie1 pimo pin1 pngm pohn pol2 polv pove prds ptbb qaq1 COMMENT             
quin ramo redu reun reyk riga riop rock roth salu samo sant COMMENT             
sask savo sbok sch2 scip scor sfdm sfer she2 smst sofi spk1 COMMENT             
spt0 ssia sthl stjo stk2 str1 str2 sulp suth suwn svtl sydn COMMENT             
syog tabl tdou thti thu2 tid1 tidb tixi tlse tong torp tow2 COMMENT             
trak tro1 tsk2 tskb tubi tukt twtf uclu ufpr uldi unbj usud COMMENT             
vacs vald vill vis0 vndp wab2 warn wgtn whc1 whit widc will COMMENT             
wlsn wroc wtza wtzr wtzs wtzz xmis yar3 yarr yebe yell ykro COMMENT             
zamb zeck zim2 zimm                                         COMMENT             
                                                            END OF HEADER       
[from data line 5577]
    14                                                      START OF TEC MAP    
  2020     1     5    13     0     0                        EPOCH OF CURRENT MAP
    87.5-180.0 180.0   5.0 450.0                            LAT/LON1/LON2/DLON/H
   24   23   23   22   21   21   21   20   20   19   19   19   19   19   19   19
   19   19   19   20   20   20   21   21   22   23   23   24   25   25   26   27
   27   28   29   29   30   30   31   31   31   32   32   32   33   33   33   33
   33   33   33   33   33   33   33   33   32   32   32   31   31   31   30   30
   29   28   28   27   26   26   25   25   24
    85.0-180.0 180.0   5.0 450.0                            LAT/LON1/LON2/DLON/H
   23   22   20   19   18   17   16   16   15   14   14   13   13   13   13   13
   13   13   14   14   15   16   17   18   19   20   21   22   24   25   26   28
   29   30   31   32   33   34   35   35   36   36   36   36   36   37   37   37
   37   37   37   37   37   37   37   37   37   37   36   36   35   35   34   33
   32   31   30   29   28   27   25   24   23
    82.5-180.0 180.0   5.0 450.0                            LAT/LON1/LON2/DLON/H
   23   21   20   19   17   16   15   14   14   13   12   12   11   11   11   10
   10   10   11   11   12   13   14   15   16   18   20   22   24   25   27   29
   31   33   34   35   36   37   37   38   38   38   38   37   37   37   36   36
   36   36   36   36   37   37   38   38   39   39   39   39   39   39   38   37
   36   35   33   32   30   28   26   25   23
    80.0-180.0 180.0   5.0 450.0                            LAT/LON1/LON2/DLON/H
   24   23   21   20   19   18   18   17   16   16   15   14   14   13   12   12
   11   11   11   11   11   12   13   14   16   17   19   21   24   26   28   30
   32   34   36   37   38   38   38   38   38   37   36   35   34   33   32   32
   31   31   31   32   33   34   35   36   38   39   40   41   42   42   41   41
   40   38   36   34   32   30   28   26   24
    77.5-180.0 180.0   5.0 450.0                            LAT/LON1/LON2/DLON/H
   26   25   24   24   23   23   23   22   22   22   21   20   19   18   17   16
   15   14   14   13   13   13   14   14   16   18   20   22   24   27   29   31
   33   35   36   37   38   38   38   37   36   35   33   31   30   28   26   25
   24   24   24   25   26   28   30   32   35   37   39   41   42   43   43   43
   42   40   39   37   34   32   30   28   26
    75.0-180.0 180.0   5.0 450.0                            LAT/LON1/LON2/DLON/H
   29   28   28   28   28   29   29   29   29   29   28   28   26   25   24   22
   21   19   18   16   16   15   15   16   17   18   20   23   25   27   30   32
   34   35   36   37   37   37   36   35   34   32   30   27   25   23   20   19
   17   16   16   17   19   21   24   27   30   34   37   39   41   43   43   43
   43   42   40   38   36   34   32   30   29
    72.5-180.0 180.0   5.0 450.0                            LAT/LON1/LON2/DLON/H
   32   31   32   32   33   34   35   36   36   35   35   34   32   31   29   28
   26   24   22   20   18   17   17   17   18   20   21   24   26   28   31   32
   34   35   36   36   36   35   34   33   31   30   27   25   22   20   17   14
   12   11   11   11   13   15   18   22   26   30   33   36   39   40   42   42
   42   42   40   39   37   35   34   33   32
    70.0-180.0 180.0   5.0 450.0                            LAT/LON1/LON2/DLON/H
   35   35   35   36   38   39   40   40   40   39   38   37   35   34   32   31
   29   26   24   22   20   18   18   18   19   21   23   25   28   30   32   34
   35   36   36   35   35   34   33   32   30   29   27   25   22   20   17   14
   11    9    8    8    9   11   14   18   22   26   29   32   35   37   38   39
   40   41   40   40   39   38   36   35   35
    67.5-180.0 180.0   5.0 450.0                            LAT/LON1/LON2/DLON/H
   38   38   38   40   41   42   43   42   42   40   38   37   35   34   32   31
   29   27   25   22   20   18   17   18   19   22   25   28   31   33   35   37
   37   38   37   36   35   34   33   32   31   30   29   27   25   23   20   17
   13   11    9    8    8   10   12   16   19   22   25   28   30   32   34   36
   38   40   41   41   41   40   39   38   38
    65.0-180.0 180.0   5.0 450.0                            LAT/LON1/LON2/DLON/H
   41   41   41   42   43   44   44   43   41   39   36   33   32   30   30   29
   28   27   24   21   19   17   16   17   19   22   26   30   34   37   39   41
   41   41   40   38   37   35   34   34   33   33   33   32   31   28   25   22
   18   14   11   10    9   10   12   15   18   20   23   25   27   28   30   33
   36   39   42   44   45   45   44   42   41
    62.5-180.0 180.0   5.0 450.0                            LAT/LON1/LON2/DLON/H
   46   45   45   45   46   47   46   44   40   37   33   29   27   26   26   26
   26   25   23   20   17   15   15   16   19   23   28   33   37   41   44   45
   46   45   44   42   40   38   37   37   38   38   38   38   37   35   32   28
   23   19   15   12   11   11   13   15   18   20   22   23   24   26   28   31
   35   40   44   48   50   50   49   47   46
    60.0-180.0 180.0   5.0 450.0                            LAT/LON1/LON2/DLON/H
   50   49   48   49   50   50   48   45   41   36   31   26   23   22   23   24
   25   24   23   20   16   14   13   15   19   24   29   35   40   45   48   50
   51   50   48   46   44   42   41   42   43   44   44   44   43   41   37   33
   28   22   18   14   13   13   14   17   19   21   23   24   24   25   27   31
   36   42   48   52   55   56   55   52   50
    57.5-180.0 180.0   5.0 450.0                            LAT/LON1/LON2/DLON/H
   55   53   53   54   55   55   53   50   44   38   31   26   22   21   21   23
   24   25   23   20   17   14   14   15   19   25   31   37   43   48   52   54
   55   54   52   50   47   46   46   47   49   50   51   50   49   46   42   37
   32   26   20   16   14   14   16   19   22   24   26   26   27   27   29   33
   38   45   51   57   61   62   60   58   55
    55.0-180.0 180.0   5.0 450.0                            LAT/LON1/LON2/DLON/H
   59   58   58   60   61   61   60   56   50   43   36   29   25   22   22   24
   26   26   25   23   19   17   16   18   22   27   34   40   45   50   55   57
   58   57   55   53   51   50   51   53   55   57   57   56   54   51   47   42
   36   29   23   19   17   17   19   23   26   29   30   31   31   32   33   36
   41   47   55   61   65   66   65   62   59
    52.5-180.0 180.0   5.0 450.0                            LAT/LON1/LON2/DLON/H
   63   62   63   66   68   69   67   63   58   50   43   36   30   27   26   27
   28   29   29   27   24   21   20   22   26   31   37   43   48   53   57   60
   60   59   57   55   54   55   57   60   63   64   64   62   60   56   52   47
   41   34   28   23   21   21   24   28   31   34   36   36   37   37   38   40
   44   50   57   63   68   69   68   65   63
    50.0-180.0 180.0   5.0 450.0                            LAT/LON1/LON2/DLON/H
   65   65   68   72   74   75   74   70   65   58   51   44   38   34   32   31
   32   33   33   32   30   28   27   29   32   37   42   47   52   56   60   62
   63   62   60   58   58   60   64   68   71   72   71   69   66   62   59   54
   48   41   35   30   28   28   31   35   38   40   41   42   42   42   43   44
   47   51   57   63   68   70   69   67   65
    47.5-180.0 180.0   5.0 450.0                            LAT/LON1/LON2/DLON/H
   66   67   71   76   79   80   78   75   70   65   60   54   48   43   40   37
   37   37   37   37   36   36   36   37   40   44   48   53   57   61   64   66
   66   65   64   64   65   68   72   76   79   80   79   76   73   70   67   63
   58   51   44   39   37   37   40   42   45   46   46   46   46   47   47   48
   49   52   56   62   66   69   68   67   66
    45.0-180.0 180.0   5.0 450.0                            LAT/LON1/LON2/DLON/H
   65   68   72   77   80   80   78   75   72   69   66   63   59   55   50   46
   43   41   42   43   44   44   45   46   49   52   56   60   64   68   70   72
   72   72   72   73   76   79   83   87   88   88   86   83   80   78   76   73
   69   62   55   50   47   47   49   51   51   50   49   49   49   50   50   50
   50   51   54   59   63   66   66   65   65
    42.5-180.0 180.0   5.0 450.0                            LAT/LON1/LON2/DLON/H
   63   66   71   76   78   77   75   72   70   70   70   71   71   68   63   56
   50   47   46   48   51   53   54   56   58   61   65   69   73   77   79   80
   80   81   83   87   90   94   96   98   97   95   92   89   87   86   85   83
   78   72   65   59   56   57   58   58   57   54   51   49   50   51   52   52
   51   50   52   56   60   63   63   63   63
    40.0-180.0 180.0   5.0 450.0                            LAT/LON1/LON2/DLON/H
   60   63   68   72   73   71   68   65   65   68   72   77   81   82   77   69
   59   53   52   54   58   61   64   66   68   71   75   80   84   87   89   90
   91   94   99  104  109  112  112  109  106  102   98   94   92   92   91   90
   85   79   71   65   63   63   64   64   61   56   52   49   50   52   53   54
   52   50   50   53   57   60   61   60   60
    37.5-180.0 180.0   5.0 450.0                            LAT/LON1/LON2/DLON/H
   57   59   63   66   66   63   60   58   59   64   72   82   91   96   92   82
   70   61   58   60   65   69   73   75   77   80   85   90   94   98   99  100
  103  108  116  125  130  131  127  121  114  107  102   99   97   96   95   93
   88   81   73   68   66   66   68   67   63   57   52   49   50   52   55   55
   54   51   49   51   54   57   58   57   57
    35.0-180.0 180.0   5.0 450.0                            LAT/LON1/LON2/DLON/H
   54   55   59   61   60   56   52   51   54   60   71   85   99  107  106   96
   81   69   65   66   72   77   81   83   85   89   94   99  104  107  108  109
  113  122  133  145  151  150  143  132  121  113  107  103  100   98   96   93
   88   80   72   67   65   66   68   67   64   58   53   50   51   54   57   58
   56   53   50   50   53   56   56   55   54
    32.5-180.0 180.0   5.0 450.0                            LAT/LON1/LON2/DLON/H
   52   53   55   57   55   50   47   47   51   58   69   85  102  115  117  107
   91   77   71   73   78   84   87   90   92   96  101  106  111  114  114  116
  121  133  148  162  169  166  156  142  129  120  114  109  105  101   98   93
   87   79   71   65   63   64   66   66   63   59   55   53   54   58   61   62
   60   56   52   51   53   55   55   53   52
    30.0-180.0 180.0   5.0 450.0                            LAT/LON1/LON2/DLON/H
   51   52   54   55   52   48   46   47   51   57   67   82  101  116  121  112
   97   83   77   79   84   89   93   96   98  101  105  111  115  118  118  120
  126  140  157  174  181  178  166  150  138  129  124  119  114  108  102   96
   89   81   73   67   64   64   65   65   63   60   58   58   60   63   66   67
   65   60   55   52   53   55   55   53   51
    27.5-180.0 180.0   5.0 450.0                            LAT/LON1/LON2/DLON/H
   53   54   56   56   53   50   49   51   55   58   64   76   94  111  117  111
   97   86   81   83   88   94   97  100  102  105  108  113  117  119  120  122
  129  143  162  179  187  184  172  158  148  142  138  134  128  120  112  105
   97   90   82   75   70   68   67   65   64   63   63   65   67   69   71   71
   69   64   58   54   54   55   55   54   53
    25.0-180.0 180.0   5.0 450.0                            LAT/LON1/LON2/DLON/H
   55   58   61   61   57   54   54   57   60   60   61   68   83   98  106  102
   93   85   83   86   92   96  100  103  105  107  109  114  118  120  121  123
  130  144  162  179  187  185  176  166  160  158  158  154  147  138  129  122
  115  108   99   90   83   77   73   69   66   66   69   72   75   76   76   75
   72   67   61   56   55   55   56   55   55
    22.5-180.0 180.0   5.0 450.0                            LAT/LON1/LON2/DLON/H
   59   62   66   67   63   59   60   64   66   63   58   59   68   81   89   89
   84   81   83   88   93   97  101  104  106  107  110  114  118  122  124  126
  133  145  161  176  184  183  178  173  173  176  180  178  172  163  154  147
  141  133  124  113  102   92   83   76   71   71   74   79   82   82   80   77
   74   70   64   58   56   56   57   57   59
    20.0-180.0 180.0   5.0 450.0                            LAT/LON1/LON2/DLON/H
   62   67   72   73   68   64   65   69   71   65   56   51   55   64   71   74
   74   77   83   90   94   98  101  105  107  108  110  114  121  126  130  133
  139  148  160  172  179  181  179  180  186  195  202  203  199  191  183  177
  172  164  153  140  125  111   97   86   78   76   78   83   87   85   82   78
   74   71   66   61   57   57   58   59   62
    17.5-180.0 180.0   5.0 450.0                            LAT/LON1/LON2/DLON/H
   63   69   75   76   72   68   68   72   74   67   55   46   45   50   56   60
   66   74   84   92   96   99  102  106  108  109  111  117  125  133  140  145
  149  155  164  172  177  180  182  188  198  211  221  226  223  218  213  208
  202  193  180  164  146  128  111   97   86   81   82   87   89   87   82   77
   74   71   67   62   59   58   59   60   63
    15.0-180.0 180.0   5.0 450.0                            LAT/LON1/LON2/DLON/H
   63   69   76   77   73   68   67   71   74   68   56   46   42   44   48   53
   62   75   88   96   99  101  104  108  110  112  115  122  132  144  153  159
  164  167  172  176  180  183  187  194  207  222  235  242  243  240  237  233
  226  215  200  181  161  141  123  107   93   85   85   88   91   88   82   76
   72   71   68   64   61   59   59   60   63
    12.5-180.0 180.0   5.0 450.0                            LAT/LON1/LON2/DLON/H
   61   66   72   74   70   64   64   68   71   68   59   50   46   45   47   53
   65   81   95  102  104  105  108  112  115  116  120  129  141  155  167  175
  180  183  184  186  188  190  193  200  212  227  241  250  254  255  254  250
  241  227  208  187  166  147  130  114  100   90   87   90   92   89   82   75
   72   70   69   66   63   61   60   59   61
    10.0-180.0 180.0   5.0 450.0                            LAT/LON1/LON2/DLON/H
   57   60   65   67   63   58   57   61   66   66   63   58   55   54   55   60
   73   90  104  111  112  112  115  119  122  123  128  137  151  166  179  190
  196  199  200  201  201  202  202  205  213  226  240  250  257  261  261  256
  245  227  205  183  162  145  131  118  105   95   91   92   94   92   85   77
   72   70   69   66   64   62   60   58   57
     7.5-180.0 180.0   5.0 450.0                            LAT/LON1/LON2/DLON/H
   53   53   56   57   55   51   50   53   59   63   65   67   67   67   67   71
   84  101  115  121  121  122  125  129  131  132  137  147  160  175  188  200
  208  213  215  217  217  215  211  208  211  220  233  244  253  258  259  253
  239  219  195  171  152  137  127  118  108  100   95   96   98   96   89   81
   74   71   69   67   64   62   60   57   53
     5.0-180.0 180.0   5.0 450.0                            LAT/LON1/LON2/DLON/H
   51   47   47   47   46   43   42   45   52   59   66   73   78   79   78   83
   94  111  124  131  132  134  137  140  141  143  148  156  167  179  192  204
  215  222  228  232  233  229  219  210  207  212  223  235  244  250  251  245
  229  207  182  159  140  127  120  115  110  104  101  101  104  103   96   86
   78   73   69   66   64   63   61   56   51
     2.5-180.0 180.0   5.0 450.0                            LAT/LON1/LON2/DLON/H
   50   43   40   40   39   37   37   39   45   53   64   75   83   86   86   90
  102  118  131  139  142  145  149  151  152  153  158  164  172  181  191  203
  216  226  235  242  245  239  226  211  203  205  214  225  234  240  241  235
  219  198  175  152  133  120  113  111  110  108  106  108  110  110  104   94
   83   75   69   65   63   62   62   57   50
