data/电离层参数/2024-01-23/TEC(buag)-2000.01.01-2000.01.02.txt
     1.0            IONOSPHERE MAPS     GNSS                IONEX VERSION / TYPE
IRIS V2.0           IRIS                30-Mar-19 13:38     PGM / RUN BY / DATE 
BUAA'S GLOBAL IONOSPHERE MAPS FOR DAY 001, 2000             COMMENT             
Contact address: Cheng Wang, acheng@buaa.edu.cn             DESCRIPTION         
Web page:        http://ionosphere.cn                       DESCRIPTION         
Advanced Ionosphere Labs at Beihang University              COMMENT             
Prima V1.0 from AI Labs @BUAA                               COMMENT             
  2000     1     1     0     0     0                        EPOCH OF FIRST MAP  
  2000     1     2     0     0     0                        EPOCH OF LAST MAP  
  3600                                                      INTERVAL            
    25                                                      # OF MAPS IN FILE   
  MSLM                                                      MAPPING FUNCTION    
Two-way carrier phase leveled to code                       OBSERVABLES USED    
   230                                                      # OF STATIONS       
    28                                                      # OF SATELLITES     
  6371.0                                                    BASE RADIUS         
     2                                                      MAP DIMENSION       
   450.0 450.0   0.0                                        HGT1 / HGT2 / DHGT  
    87.5 -87.5  -2.5                                        LAT1 / LAT2 / DLAT  
  -180.0 180.0   5.0                                        LON1 / LON2 / DLON  
    -1                                                      EXPONENT            
TEC/RMS values in 0.1 TECU; 9999, if no value available     COMMENT             
List of stations:                                           COMMENT             
acor ade1 alac albh algo alic amc2 ankr aoa1 arp3 artu ashv COMMENT             
atwc auck azry azu1 barb barh bay1 bbry bhr1 bill bjfs blyt COMMENT             
bogo bor1 braz brmu brst brus bshm bucu bzrg cabl cagl carr COMMENT             
casa casc cat1 ccjm ccv3 cedu cfag cha1 chb1 chil chl1 chum COMMENT             
chur chwk cit1 clar cmp9 coco coso coyq crfp cro1 daej darw COMMENT             
dav1 dgar dhlg drao dubo duck dum1 ebre eil1 eng1 eprt fair COMMENT             
flin fts1 gal1 geno gilb glpt glsv gol2 gope gras graz guam COMMENT             
harv helg hers hflk hnlc hnpt hob2 holb holp hrm1 iisc ista COMMENT             
jama joen jplm kabr karr kely kerg kit3 kod1 kok1 kokb kosg COMMENT             
kouc kyw1 lama lamp lasc lhas lhaz lhue lpgs mad2 mag0 mar6 COMMENT             
mars mas1 math maui mdo1 mdvo medi mem2 mil1 mkea mlf1 mob1 COMMENT             
nano neah newl newp nico nlib noto npri nrc1 ntus nya1 nyal COMMENT             
oat2 onsa osn1 palm parc pbl1 penc petp pie1 pin1 plo3 pol2 COMMENT             
psu1 pur3 pvep quin red1 reyz riga rock sag1 sav1 sch2 scip COMMENT             
seat sele sfer shao shee shk1 sio3 sni1 sol1 spk1 stjo str1 COMMENT             
tabl thti thu1 tixi torp toul tow2 trab trak tro1 tskb tubi COMMENT             
uclp uclu unpg upo1 urum usc1 usna usud uzhl vaas van1 vene COMMENT             
vesl vil0 vill vis0 vndp vtis wel1 wes2 wgtn whc1 widc will COMMENT             
wis1 wlsn wslr wsrt wtza wtzr wtzt wtzz wuhn yakz yssk zeck COMMENT             
zimm zwen                                                   COMMENT             
                                                            END OF HEADER       
[from data line 8151]
    20                                                      START OF TEC MAP    
  2000     1     1    19     0     0                        EPOCH OF CURRENT MAP
    87.5-180.0 180.0   5.0 450.0                            LAT/LON1/LON2/DLON/H
  108  110  111  113  114  116  118  119  121  123  124  126  127  129  130  131
  132  133  133  134  134  134  134  134  133  132  132  131  130  128  127  126
  124  123  121  120  118  117  115  114  112  111  110  108  107  106  105  105
  104  103  103  102  102  101  101  101  101  100  100  100  100  100  101  101
  101  102  102  103  104  105  106  107  108
    85.0-180.0 180.0   5.0 450.0                            LAT/LON1/LON2/DLON/H
   98  100  103  106  109  113  116  120  124  128  132  136  139  142  145  147
  149  151  152  153  153  153  152  151  150  148  146  144  141  138  136  133
  129  126  123  120  116  113  110  108  105  103  101   99   97   96   95   94
   94   93   93   93   93   92   92   92   92   91   91   91   90   90   90   90
   90   90   90   91   92   93   94   96   98
    82.5-180.0 180.0   5.0 450.0                            LAT/LON1/LON2/DLON/H
   87   89   93   97  101  107  112  119  125  131  138  144  150  155  159  163
  166  167  168  169  168  167  165  163  160  157  154  151  147  143  139  135
  130  126  121  116  111  106  102   98   94   91   89   87   86   85   85   85
   86   87   87   88   89   89   89   89   89   89   88   87   86   85   84   83
   82   81   81   81   81   82   83   84   87
    80.0-180.0 180.0   5.0 450.0                            LAT/LON1/LON2/DLON/H
   76   79   82   86   92   98  106  114  123  133  142  151  159  166  172  177
  180  181  181  179  177  174  170  166  162  158  154  150  146  142  137  132
  127  121  115  109  103   97   91   86   82   78   76   75   74   75   76   78
   80   83   85   87   89   90   91   91   91   90   89   87   85   83   81   79
   78   76   75   74   73   73   73   74   76
    77.5-180.0 180.0   5.0 450.0                            LAT/LON1/LON2/DLON/H
   68   69   72   76   82   89   98  108  119  131  144  156  167  177  184  189
  192  192  189  185  179  173  166  160  154  149  145  141  137  133  129  124
  119  113  107  100   93   86   79   73   69   65   63   63   64   66   69   73
   77   81   86   89   92   94   95   95   94   92   90   88   85   82   80   78
   75   73   72   70   69   68   67   67   68
    75.0-180.0 180.0   5.0 450.0                            LAT/LON1/LON2/DLON/H
   63   63   64   67   72   79   88   99  113  127  143  159  173  185  195  201
  203  201  195  187  177  166  156  147  139  132  127  124  121  118  115  112
  107  102   96   89   81   74   67   61   57   54   52   53   55   58   63   69
   75   81   86   90   94   96   97   96   95   92   90   86   83   80   78   75
   73   72   70   69   67   66   65   63   63
    72.5-180.0 180.0   5.0 450.0                            LAT/LON1/LON2/DLON/H
   61   59   59   60   64   69   78   90  104  121  140  159  177  193  205  212
  214  210  202  189  174  159  144  131  120  112  107  103  101   99   98   95
   92   88   82   76   69   62   56   51   47   44   44   45   48   53   58   65
   72   78   84   89   92   94   94   93   91   88   85   82   78   76   73   72
   71   70   69   68   67   66   64   62   61
    70.0-180.0 180.0   5.0 450.0                            LAT/LON1/LON2/DLON/H
   60   57   56   55   57   61   69   80   95  114  135  157  180  200  215  225
  228  223  212  196  176  156  136  119  105   95   88   83   80   79   78   76
   74   70   66   61   56   51   46   42   39   38   38   40   44   48   54   61
   67   73   79   83   86   87   87   85   83   80   76   73   70   68   67   66
   66   66   66   66   66   65   64   62   60
    67.5-180.0 180.0   5.0 450.0                            LAT/LON1/LON2/DLON/H
   59   56   54   53   53   56   62   72   87  106  129  155  181  205  225  239
  244  240  228  209  186  162  138  117  100   86   76   69   64   60   58   56
   54   52   49   46   42   39   37   35   34   35   36   38   41   45   50   55
   60   65   69   72   74   75   74   73   71   68   66   63   61   59   59   59
   60   61   62   63   64   63   62   61   59
    65.0-180.0 180.0   5.0 450.0                            LAT/LON1/LON2/DLON/H
   57   55   53   52   52   54   60   69   83  102  125  152  182  210  235  253
  262  261  250  230  205  179  152  128  107   90   75   63   54   47   42   39
   36   34   32   31   30   29   29   30   31   33   35   37   40   42   45   48
   52   55   57   58   59   60   59   59   58   57   55   54   52   52   52   52
   54   55   57   58   59   59   59   58   57
    62.5-180.0 180.0   5.0 450.0                            LAT/LON1/LON2/DLON/H
   54   54   53   53   54   58   63   73   86  103  126  153  184  216  245  268
  282  284  275  257  232  205  178  152  128  106   86   69   54   42   33   27
   23   21   20   20   20   21   24   27   30   33   36   38   39   40   41   42
   43   44   44   44   44   44   45   46   47   48   48   47   47   47   47   48
   49   51   52   53   53   54   54   54   54
    60.0-180.0 180.0   5.0 450.0                            LAT/LON1/LON2/DLON/H
   51   52   54   56   60   66   74   84   97  113  134  160  190  223  255  282
  300  306  300  285  263  237  211  185  160  134  109   85   63   45   32   23
   18   16   15   15   16   18   22   26   31   35   38   40   40   39   38   37
   37   36   34   33   32   33   35   37   41   44   46   46   46   46   47   47
   48   49   49   49   49   49   50   50   51
    57.5-180.0 180.0   5.0 450.0                            LAT/LON1/LON2/DLON/H
   50   53   56   61   68   78   90  104  118  133  151  174  202  234  267  296
  316  325  322  310  291  269  246  222  196  169  139  109   81   58   41   30
   23   20   18   18   19   20   24   28   33   38   42   43   43   41   39   37
   35   33   31   29   27   28   31   35   41   46   49   50   51   50   50   50
   51   50   49   48   47   46   47   49   50
    55.0-180.0 180.0   5.0 450.0                            LAT/LON1/LON2/DLON/H
   52   56   61   69   80   95  112  130  147  162  178  197  220  249  280  308
  329  339  338  327  311  294  276  256  232  204  172  138  106   79   58   45
   37   33   31   30   29   29   31   34   39   44   47   49   48   46   44   42
   40   38   36   32   30   31   34   41   48   54   58   59   59   58   57   57
   57   55   53   51   49   48   48   50   52
    52.5-180.0 180.0   5.0 450.0                            LAT/LON1/LON2/DLON/H
   58   62   68   78   94  114  138  161  182  199  213  227  246  270  296  321
  339  348  345  335  322  309  296  282  262  236  203  168  133  104   82   67
   58   53   50   48   45   43   43   44   47   51   55   57   56   55   53   52
   52   51   48   45   42   42   46   53   60   67   70   70   68   67   66   65
   65   63   60   57   54   53   53   55   58
    50.0-180.0 180.0   5.0 450.0                            LAT/LON1/LON2/DLON/H
   67   72   79   90  109  134  164  194  219  238  251  263  277  295  316  335
  349  352  346  335  324  314  307  298  283  260  230  195  161  131  107   91
   80   75   71   68   65   61   59   58   59   62   65   67   67   66   66   66
   68   69   67   64   61   60   63   69   76   81   83   81   78   76   74   74
   73   71   67   63   60   59   60   63   67
    47.5-180.0 180.0   5.0 450.0                            LAT/LON1/LON2/DLON/H
   77   83   91  104  125  155  189  224  254  275  289  299  309  323  338  352
  358  356  345  331  319  312  309  305  295  277  250  218  186  155  130  111
   99   92   88   86   83   80   76   73   72   73   76   78   79   79   79   81
   85   88   89   87   84   82   83   88   93   96   95   91   87   83   81   80
   78   76   72   68   66   65   68   72   77
    45.0-180.0 180.0   5.0 450.0                            LAT/LON1/LON2/DLON/H
   87   95  105  119  142  174  211  250  282  306  321  331  340  351  362  370
  370  361  344  327  313  307  307  306  301  287  265  237  207  176  148  126
  109  100   97   97   97   95   92   87   85   84   86   88   89   89   90   94
  100  106  110  110  107  104  104  106  108  108  105   99   92   88   85   83
   81   77   73   69   67   68   72   79   87
    42.5-180.0 180.0   5.0 450.0                            LAT/LON1/LON2/DLON/H
   94  106  118  135  158  190  228  267  301  326  342  354  364  375  384  389
  384  369  348  326  312  306  306  307  304  294  276  253  224  193  161  133
  112  101   98  101  105  106  104  100   96   94   94   95   96   96   97  101
  110  119  126  128  126  123  122  122  121  118  111  103   96   90   86   83
   79   74   69   66   64   66   72   82   94
    40.0-180.0 180.0   5.0 450.0                            LAT/LON1/LON2/DLON/H
   98  114  131  149  173  204  240  277  309  333  351  365  378  392  402  406
  399  381  356  333  317  311  310  311  309  300  287  266  240  206  170  136
  111   98   96  101  108  113  113  110  105  101  100  100  100   99   99  104
  113  125  135  140  141  139  136  134  131  124  116  106   98   91   86   80
   74   68   62   58   57   60   68   82   98
    37.5-180.0 180.0   5.0 450.0                            LAT/LON1/LON2/DLON/H
  100  121  142  163  186  215  247  279  307  330  347  364  381  399  413  419
  412  394  369  346  330  323  321  320  316  309  298  280  254  219  179  141
  113   98   96  102  110  117  120  118  113  107  104  102  101   99   98  102
  111  125  138  146  149  148  146  143  137  128  118  107   99   92   85   77
   68   60   54   51   49   53   63   79  100
    35.0-180.0 180.0   5.0 450.0                            LAT/LON1/LON2/DLON/H
  101  127  152  174  197  222  250  277  300  319  335  353  374  396  416  425
  422  405  383  362  348  341  337  333  327  320  310  296  271  235  193  155
  127  113  110  112  117  123  127  126  122  115  109  106  103   99   97   99
  108  122  136  146  152  153  152  148  141  130  118  108   99   92   83   73
   63   54   48   45   44   48   58   77  101
    32.5-180.0 180.0   5.0 450.0                            LAT/LON1/LON2/DLON/H
  105  134  162  185  206  228  251  273  291  306  320  337  359  386  410  424
  425  413  394  377  366  360  355  349  341  333  325  312  290  256  218  185
  163  152  145  139  136  135  138  140  136  129  121  115  109  104  100  100
  107  119  133  144  151  154  154  151  142  131  118  108   99   91   82   71
   60   52   47   45   45   48   58   78  105
    30.0-180.0 180.0   5.0 450.0                            LAT/LON1/LON2/DLON/H
  113  144  172  195  215  233  252  270  286  298  309  323  344  371  399  417
  423  415  401  389  382  377  372  363  354  346  340  330  311  283  253  233
  224  218  207  188  169  158  158  162  161  154  143  134  126  119  112  110
  113  121  132  142  149  154  155  151  142  130  118  107   99   91   81   70
   60   53   51   51   52   55   65   85  113
    27.5-180.0 180.0   5.0 450.0                            LAT/LON1/LON2/DLON/H
  126  157  185  207  224  239  256  273  288  299  307  317  334  359  387  408
  417  413  404  396  392  390  384  375  366  359  356  349  334  314  300  299
  307  310  293  257  218  194  189  195  199  192  179  166  155  145  136  129
  127  130  135  142  148  153  154  151  142  130  117  107   99   91   81   71
   62   58   59   62   64   68   78   98  126
    25.0-180.0 180.0   5.0 450.0                            LAT/LON1/LON2/DLON/H
  144  174  201  221  235  249  265  284  301  314  320  324  335  355  381  403
  413  412  406  401  400  398  393  384  376  372  371  367  357  348  352  375
  405  418  395  340  279  240  232  242  249  244  229  211  196  183  171  159
  150  146  145  146  150  153  154  150  141  129  117  107   99   91   82   73
   67   66   70   75   79   84   95  116  144
    22.5-180.0 180.0   5.0 450.0                            LAT/LON1/LON2/DLON/H
  163  193  219  238  251  264  281  303  326  343  348  348  351  365  386  407
  417  416  412  409  409  407  401  393  386  385  386  385  380  382  405  452
  505  529  501  428  347  294  283  297  310  306  288  266  247  230  213  196
  180  167  159  155  154  156  155  150  140  128  116  107   99   91   83   75
   72   73   79   86   92  100  113  134  163
    20.0-180.0 180.0   5.0 450.0                            LAT/LON1/LON2/DLON/H
  180  211  238  259  273  286  304  331  361  384  391  387  383  390  407  424
  433  432  428  426  425  422  414  405  400  401  404  404  401  412  451  520
  592  626  594  507  411  349  338  357  373  370  350  324  301  280  258  234
  211  191  176  167  163  161  158  150  139  127  117  108  100   92   85   79
   77   79   85   92  100  110  126  150  180
    17.5-180.0 180.0   5.0 450.0                            LAT/LON1/LON2/DLON/H
  193  226  257  282  299  314  334  365  402  432  443  437  428  430  443  458
  465  463  459  456  454  447  435  424  420  423  427  425  423  437  486  570
  656  696  663  568  463  399  390  412  431  427  405  376  350  325  298  268
  239  214  194  180  174  169  163  152  139  127  118  110  102   95   89   84
   82   83   86   91  100  114  134  161  193
    15.0-180.0 180.0   5.0 450.0                            LAT/LON1/LON2/DLON/H
  200  237  274  306  329  347  368  402  445  482  498  493  482  480  492  505
  511  509  505  503  498  486  468  454  449  453  456  452  447  460  511  599
  689  732  698  603  499  438  432  456  474  468  444  415  387  359  327  293
  260  232  210  195  187  180  170  156  141  128  120  113  107  100   94   90
   87   84   83   86   94  110  134  165  200
    12.5-180.0 180.0   5.0 450.0                            LAT/LON1/LON2/DLON/H
  201  243  287  328  359  380  402  437  484  528  549  546  536  535  547  561
  567  565  563  561  554  537  513  494  487  490  492  485  475  482  528  610
  694  734  701  611  516  463  461  484  497  488  463  435  408  378  344  307
  273  244  223  209  201  193  180  162  144  131  123  118  112  106  101   97
   92   85   79   77   85  103  131  164  201
    10.0-180.0 180.0   5.0 450.0                            LAT/LON1/LON2/DLON/H
  199  244  295  346  386  411  433  467  515  563  589  590  583  586  601  617
  623  623  624  624  617  595  565  541  532  535  535  524  509  508  542  608
  678  709  677  598  517  475  475  493  498  484  459  435  411  382  347  309
  276  251  233  223  216  207  191  170  149  135  128  123  118  113  108  104
   97   86   75   70   77   96  126  161  199
     7.5-180.0 180.0   5.0 450.0                            LAT/LON1/LON2/DLON/H
  197  242  299  358  405  434  456  488  536  585  614  620  618  626  645  663
  671  673  677  682  676  651  617  589  579  581  581  569  550  541  558  603
  652  670  638  572  508  477  477  485  480  460  437  418  400  374  339  304
  274  254  241  234  229  220  203  180  157  142  134  129  124  119  115  110
  103   90   76   68   74   94  124  159  197
     5.0-180.0 180.0   5.0 450.0                            LAT/LON1/LON2/DLON/H
  196  240  298  362  414  447  468  499  545  594  625  634  638  651  675  694
  703  706  714  724  721  697  661  633  623  626  627  616  596  580  582  604
  628  630  599  545  497  474  471  468  451  426  405  393  381  358  326  294
  270  255  248  245  241  233  215  190  166  150  141  135  129  124  120  116
  108   95   81   72   78   99  129  162  196
     2.5-180.0 180.0   5.0 450.0                            LAT/LON1/LON2/DLON/H
  200  240  295  358  413  448  470  499  544  592  623  635  643  661  687  707
  714  717  728  743  745  725  692  666  658  664  668  661  642  624  614  615
  615  602  569  525  490  472  463  448  421  392  374  367  360  341  313  285
  266  257  254  253  250  242  225  201  177  160  149  141  133  127  123  120
  114  103   89   83   89  111  140  170  200
