data/电离层参数/2024-01-23/TEC(buag)-2000.01.01-2000.01.02.txt
     1.0            IONOSPHERE MAPS     GNSS                IONEX VERSION / TYPE
IRIS V2.0           IRIS                30-Mar-19 13:38     PGM / RUN BY / DATE 
BUAA'S GLOBAL IONOSPHERE MAPS FOR DAY 001, 2000             COMMENT             
Contact address: Cheng Wang, acheng@buaa.edu.cn             DESCRIPTION         
Web page:        http://ionosphere.cn                       DESCRIPTION         
Advanced Ionosphere Labs at Beihang University              COMMENT             
Prima V1.0 from AI Labs @BUAA                               COMMENT             
  2000     1     1     0     0     0                        EPOCH OF FIRST MAP  
  2000     1     2     0     0     0                        EPOCH OF LAST MAP  
  3600                                                      INTERVAL            
    25                                                      # OF MAPS IN FILE   
  MSLM                                                      MAPPING FUNCTION    
Two-way carrier phase leveled to code                       OBSERVABLES USED    
   230                                                      # OF STATIONS       
    28                                                      # OF SATELLITES     
  6371.0                                                    BASE RADIUS         
     2                                                      MAP DIMENSION       
   450.0 450.0   0.0                                        HGT1 / HGT2 / DHGT  
    87.5 -87.5  -2.5                                        LAT1 / LAT2 / DLAT  
  -180.0 180.0   5.0                                        LON1 / LON2 / DLON  
    -1                                                      EXPONENT            
TEC/RMS values in 0.1 TECU; 9999, if no value available     COMMENT             
List of stations:                                           COMMENT             
acor ade1 alac albh algo alic amc2 ankr aoa1 arp3 artu ashv COMMENT             
atwc auck azry azu1 barb barh bay1 bbry bhr1 bill bjfs blyt COMMENT             
bogo bor1 braz brmu brst brus bshm bucu bzrg cabl cagl carr COMMENT             
casa casc cat1 ccjm ccv3 cedu cfag cha1 chb1 chil chl1 chum COMMENT             
chur chwk cit1 clar cmp9 coco coso coyq crfp cro1 daej darw COMMENT             
dav1 dgar dhlg drao dubo duck dum1 ebre eil1 eng1 eprt fair COMMENT             
flin fts1 gal1 geno gilb glpt glsv gol2 gope gras graz guam COMMENT             
harv helg hers hflk hnlc hnpt hob2 holb holp hrm1 iisc ista COMMENT             
jama joen jplm kabr karr kely kerg kit3 kod1 kok1 kokb kosg COMMENT             
kouc kyw1 lama lamp lasc lhas lhaz lhue lpgs mad2 mag0 mar6 COMMENT             
mars mas1 math maui mdo1 mdvo medi mem2 mil1 mkea mlf1 mob1 COMMENT             
nano neah newl newp nico nlib noto npri nrc1 ntus nya1 nyal COMMENT             
oat2 onsa osn1 palm parc pbl1 penc petp pie1 pin1 plo3 pol2 COMMENT             
psu1 pur3 pvep quin red1 reyz riga rock sag1 sav1 sch2 scip COMMENT             
seat sele sfer shao shee shk1 sio3 sni1 sol1 spk1 stjo str1 COMMENT             
tabl thti thu1 tixi torp toul tow2 trab trak tro1 tskb tubi COMMENT             
uclp uclu unpg upo1 urum usc1 usna usud uzhl vaas van1 vene COMMENT             
vesl vil0 vill vis0 vndp vtis wel1 wes2 wgtn whc1 widc will COMMENT             
wis1 wlsn wslr wsrt wtza wtzr wtzt wtzz wuhn yakz yssk zeck COMMENT             
zimm zwen                                                   COMMENT             
                                                            END OF HEADER       
[from data line 429]
     2                                                      START OF TEC MAP    
  2000     1     1     1     0     0                        EPOCH OF CURRENT MAP
    87.5-180.0 180.0   5.0 450.0                            LAT/LON1/LON2/DLON/H
   75   76   76   77   77   77   78   78   78   78   78   78   78   77   77   76
   76   75   74   73   72   71   70   68   67   66   65   63   62   61   60   60
   59   58   58   57   57   57   57   57   57   57   57   57   58   58   59   59
   60   60   61   61   62   62   63   64   64   65   66   66   67   68   68   69
   70   70   71   72   73   73   74   74   75
    85.0-180.0 180.0   5.0 450.0                            LAT/LON1/LON2/DLON/H
   82   83   85   86   87   88   89   90   91   91   92   92   92   92   92   91
   90   88   86   84   82   79   76   73   70   67   64   61   58   56   54   53
   52   51   50   50   50   50   50   51   51   52   53   54   55   55   56   57
   58   59   60   61   61   62   63   64   65   65   66   67   68   69   70   71
   72   74   75   76   77   79   80   81   82
    82.5-180.0 180.0   5.0 450.0                            LAT/LON1/LON2/DLON/H
   89   90   92   93   94   96   97   99  101  102  104  105  106  107  107  107
  106  105  102   99   95   90   85   80   75   69   64   60   56   53   50   48
   47   46   46   47   47   48   49   50   51   53   54   55   56   58   59   60
   61   62   62   63   64   64   65   65   66   67   67   68   69   71   72   73
   75   77   78   80   82   84   85   87   89
    80.0-180.0 180.0   5.0 450.0                            LAT/LON1/LON2/DLON/H
   96   97   99  100  101  102  103  105  107  109  111  114  117  119  121  122
  123  122  119  116  111  104   97   89   81   74   67   61   56   52   50   49
   48   48   49   50   52   53   54   56   57   58   60   61   62   63   64   65
   66   67   67   67   67   67   67   68   68   68   68   69   70   72   74   76
   78   81   83   86   88   91   93   95   96
    77.5-180.0 180.0   5.0 450.0                            LAT/LON1/LON2/DLON/H
  107  108  108  108  108  108  108  108  109  111  114  117  121  125  129  132
  135  135  134  131  126  119  110  100   90   80   72   65   60   56   55   55
   56   58   60   62   63   64   65   66   66   67   67   68   69   69   70   71
   71   72   72   72   71   71   70   69   69   69   69   70   72   74   76   79
   82   86   90   94   97  100  103  105  107
    75.0-180.0 180.0   5.0 450.0                            LAT/LON1/LON2/DLON/H
  121  121  121  119  117  115  113  111  110  111  112  114  118  123  128  134
  139  143  144  143  139  131  122  111   99   88   79   72   67   66   66   68
   71   74   76   78   79   78   78   77   76   75   74   74   74   74   75   76
   76   76   76   75   74   73   72   71   70   70   70   71   73   76   79   84
   88   93   99  104  109  113  117  120  121
    72.5-180.0 180.0   5.0 450.0                            LAT/LON1/LON2/DLON/H
  138  138  136  133  129  125  121  116  113  110  108  108  110  114  119  126
  134  141  146  148  146  140  132  120  108   97   87   81   78   78   81   85
   90   93   95   96   94   91   88   85   82   79   78   77   77   77   77   78
   78   78   78   78   77   75   74   72   71   71   71   73   76   80   84   90
   96  102  109  115  122  128  132  136  138
    70.0-180.0 180.0   5.0 450.0                            LAT/LON1/LON2/DLON/H
  153  153  151  147  142  137  131  125  119  113  107  103  100  100  104  110
  119  129  138  144  147  145  138  128  117  106   97   92   90   93   98  103
  108  111  112  109  104   98   92   87   82   79   77   76   76   76   77   78
   78   78   78   78   77   76   74   73   72   72   74   76   80   85   91   97
  104  111  119  126  134  141  147  151  153
    67.5-180.0 180.0   5.0 450.0                            LAT/LON1/LON2/DLON/H
  164  164  162  157  152  147  141  135  128  120  111  102   93   87   86   90
   98  110  123  134  141  143  140  133  123  113  106  101  101  105  111  117
  122  123  120  114  106   97   89   82   77   75   74   73   74   74   74   75
   75   76   76   76   75   74   73   73   73   74   77   81   86   92   99  106
  113  120  127  135  142  150  156  161  164
    65.0-180.0 180.0   5.0 450.0                            LAT/LON1/LON2/DLON/H
  167  167  164  160  156  152  149  146  141  133  122  108   93   79   71   70
   76   88  103  118  130  137  138  135  127  119  112  108  109  112  118  123
  126  125  119  109   98   87   78   72   69   68   69   69   70   70   70   70
   71   71   71   71   71   71   71   71   73   76   80   86   94  102  110  117
  123  129  135  140  147  154  160  165  167
    62.5-180.0 180.0   5.0 450.0                            LAT/LON1/LON2/DLON/H
  163  162  158  154  150  149  150  153  154  150  139  121  100   80   64   56
   58   68   84  101  116  127  132  132  127  121  115  111  110  112  116  120
  120  116  107   95   82   71   63   59   59   62   64   66   66   66   65   65
   65   65   65   66   66   66   67   69   72   77   84   93  103  113  122  129
  135  139  141  144  148  153  158  162  163
    60.0-180.0 180.0   5.0 450.0                            LAT/LON1/LON2/DLON/H
  155  152  146  141  138  139  146  155  164  166  158  140  116   89   66   52
   49   55   68   84  100  113  121  124  122  118  112  106  104  104  106  107
  106  100   90   76   63   53   48   48   52   57   62   64   64   62   60   59
   59   59   59   59   59   60   62   65   71   78   88  100  113  126  137  145
  150  151  150  150  150  152  154  156  155
    57.5-180.0 180.0   5.0 450.0                            LAT/LON1/LON2/DLON/H
  149  143  135  127  124  127  138  154  170  179  176  161  135  105   77   58
   50   51   59   71   84   96  105  110  111  108  103   96   91   89   89   89
   87   81   71   59   48   40   39   43   50   57   62   63   62   59   56   55
   55   55   55   55   54   55   57   62   70   80   93  109  125  142  155  165
  169  168  165  160  156  154  153  152  149
    55.0-180.0 180.0   5.0 450.0                            LAT/LON1/LON2/DLON/H
  150  142  131  122  117  120  132  152  173  188  191  179  154  124   95   73
   61   57   58   63   70   78   86   92   95   94   89   82   75   71   70   70
   68   64   57   48   40   36   37   44   52   60   64   63   60   57   54   54
   55   55   55   53   52   52   54   61   71   84  100  119  140  160  177  189
  194  193  187  180  172  166  161  156  150
    52.5-180.0 180.0   5.0 450.0                            LAT/LON1/LON2/DLON/H
  164  154  143  132  125  126  137  156  178  195  200  191  170  142  115   93
   79   70   64   60   59   60   65   71   76   76   72   65   58   54   53   55
   56   55   51   46   42   41   44   51   59   65   67   64   60   56   55   57
   59   61   60   58   54   53   55   63   75   91  110  132  157  182  203  219
  226  226  219  210  199  190  181  173  164
    50.0-180.0 180.0   5.0 450.0                            LAT/LON1/LON2/DLON/H
  191  181  171  161  153  151  157  171  188  202  206  198  179  155  132  114
  100   87   75   62   51   45   46   51   57   59   57   51   46   43   45   48
   53   55   56   55   53   54   58   64   69   72   71   66   61   59   60   65
   70   73   72   67   62   59   62   70   83  101  123  149  177  206  232  252
  263  264  259  250  238  226  213  201  191
    47.5-180.0 180.0   5.0 450.0                            LAT/LON1/LON2/DLON/H
  227  218  212  205  199  194  194  199  207  212  211  201  183  164  145  131
  119  105   87   67   48   36   32   36   43   46   46   43   41   41   45   51
   58   64   67   69   70   72   74   78   80   80   76   70   66   65   69   77
   85   89   88   82   75   71   73   82   97  117  141  168  199  232  262  286
  301  306  304  296  285  271  255  240  227
    45.0-180.0 180.0   5.0 450.0                            LAT/LON1/LON2/DLON/H
  267  260  257  256  253  248  242  237  233  227  217  203  185  168  154  143
  133  119   99   74   51   34   28   31   37   42   43   43   44   49   55   62
   70   76   81   85   88   89   90   91   90   87   82   76   73   75   82   92
  102  107  106  100   92   88   90  100  117  137  162  190  223  258  292  318
  336  345  347  344  335  320  300  281  267
    42.5-180.0 180.0   5.0 450.0                            LAT/LON1/LON2/DLON/H
  302  295  297  303  305  302  293  279  264  247  227  207  188  172  159  151
  142  129  110   85   60   42   35   37   42   46   49   51   56   63   71   77
   82   87   92   97  101  102  102  101   98   95   90   85   84   88   96  108
  118  123  123  117  111  108  111  122  140  161  186  214  247  283  318  346
  365  377  384  386  381  366  343  319  302
    40.0-180.0 180.0   5.0 450.0                            LAT/LON1/LON2/DLON/H
  327  319  323  333  341  341  332  315  293  267  241  216  195  178  165  155
  147  136  119   97   75   59   52   54   58   60   62   65   72   81   88   90
   91   92   96  101  106  109  108  106  104  102   99   96   97  101  110  120
  129  134  135  132  128  128  133  146  165  187  211  239  271  305  339  366
  385  400  411  419  418  404  379  350  327
    37.5-180.0 180.0   5.0 450.0                            LAT/LON1/LON2/DLON/H
  343  330  332  342  353  357  352  336  312  283  254  228  206  187  172  160
  150  141  128  112   94   82   77   78   80   80   79   82   89   97  101   98
   92   89   91   98  105  109  109  108  108  107  107  107  109  113  119  126
  133  138  141  142  143  146  155  170  190  213  237  263  293  324  355  379
  397  411  426  440  444  433  406  372  343
    35.0-180.0 180.0   5.0 450.0                            LAT/LON1/LON2/DLON/H
  355  335  329  335  344  350  350  339  319  293  266  241  220  200  181  165
  154  146  138  126  114  105  103  104  104  101   96   97  102  108  109  100
   88   81   82   91  101  106  108  108  109  111  113  115  117  119  123  126
  130  135  140  146  153  161  174  192  214  239  263  287  313  341  367  387
  402  416  434  452  462  454  427  390  355
    32.5-180.0 180.0   5.0 450.0                            LAT/LON1/LON2/DLON/H
  374  345  329  324  325  330  333  329  316  296  274  254  235  214  193  173
  159  152  147  140  131  125  124  125  125  118  110  107  110  113  110   98
   82   72   75   86   98  106  108  108  109  112  115  117  119  120  121  121
  123  127  135  145  157  171  188  210  236  262  288  311  334  357  378  395
  406  420  439  461  477  473  449  411  374
    30.0-180.0 180.0   5.0 450.0                            LAT/LON1/LON2/DLON/H
  409  376  349  329  317  315  317  318  311  297  280  264  248  228  204  181
  166  160  157  151  142  135  135  138  138  130  120  113  113  114  110   96
   80   72   76   90  104  111  112  110  109  110  112  114  115  116  115  114
  114  118  127  141  158  177  198  223  253  284  311  334  355  375  392  406
  416  429  450  475  494  497  478  445  409
    27.5-180.0 180.0   5.0 450.0                            LAT/LON1/LON2/DLON/H
  468  436  402  368  341  327  324  323  318  306  291  276  260  239  213  189
  174  168  165  157  146  137  137  142  144  138  127  118  116  117  114  103
   90   85   93  108  121  127  123  116  110  107  106  107  108  109  108  108
  107  111  120  136  156  178  203  233  268  303  334  358  378  395  411  424
  436  451  473  500  522  529  520  497  468
    25.0-180.0 180.0   5.0 450.0                            LAT/LON1/LON2/DLON/H
  553  530  495  452  412  384  370  362  350  333  314  295  275  250  222  197
  183  177  172  161  145  134  134  143  150  147  137  128  125  128  129  124
  117  117  126  140  151  152  142  128  114  105  100   99  101  103  105  106
  106  108  116  131  152  177  206  240  279  319  355  382  402  419  436  453
  469  488  512  539  562  574  574  567  553
    22.5-180.0 180.0   5.0 450.0                            LAT/LON1/LON2/DLON/H
  653  648  622  579  531  491  464  442  418  390  359  329  299  267  234  208
  193  186  179  164  146  135  138  151  163  165  157  149  147  153  159  162
  162  165  173  183  189  184  168  146  124  107   98   96   98  103  108  111
  110  110  114  127  148  176  208  245  288  333  373  404  426  446  466  489
  513  538  565  591  613  627  638  647  653
    20.0-180.0 180.0   5.0 450.0                            LAT/LON1/LON2/DLON/H
  755  772  765  733  686  640  600  563  523  477  431  385  339  295  254  224
  207  198  188  173  157  150  159  177  193  198  192  185  185  194  206  215
  220  223  227  230  229  219  197  169  139  116  103  100  103  110  117  120
  119  115  114  124  146  175  210  250  295  344  388  423  449  473  499  530
  563  596  626  651  669  684  701  727  755
    17.5-180.0 180.0   5.0 450.0                            LAT/LON1/LON2/DLON/H
  838  879  897  886  852  808  761  710  653  592  529  465  402  341  289  252
  229  216  204  192  185  190  207  229  245  249  243  237  239  249  264  277
  283  282  277  271  264  250  227  194  160  133  118  114  117  124  130  132
  128  120  116  123  145  178  216  257  302  351  399  438  468  496  529  568
  611  652  685  709  723  734  754  791  838
    15.0-180.0 180.0   5.0 450.0                            LAT/LON1/LON2/DLON/H
  886  947  991 1007  996  964  917  858  791  719  645  566  486  409  344  296
  264  243  229  225  235  258  286  309  320  317  307  299  300  310  325  337
  339  330  315  299  286  273  251  219  183  154  139  136  138  142  144  142
  135  124  116  123  148  185  225  266  310  357  405  447  482  514  552  598
  648  695  732  755  764  770  788  827  886
    12.5-180.0 180.0   5.0 450.0                            LAT/LON1/LON2/DLON/H
  889  960 1026 1071 1088 1076 1038  981  914  841  764  679  586  496  418  358
  314  283  267  274  306  351  391  411  408  391  373  361  359  366  376  384
  380  361  334  309  294  283  267  240  205  178  164  162  162  160  155  148
  137  124  117  126  155  196  239  279  318  362  409  452  488  523  564  614
  668  719  759  781  787  787  797  830  889
    10.0-180.0 180.0   5.0 450.0                            LAT/LON1/LON2/DLON/H
  849  918  996 1066 1112 1125 1104 1058 1000  939  870  788  691  593  506  436
  379  336  317  336  392  459  508  518  493  457  426  409  403  405  409  411
  400  372  334  303  287  283  275  253  223  199  188  186  183  173  160  146
  133  121  117  131  165  212  256  293  328  367  411  452  489  524  564  614
  668  719  760  784  789  784  783  802  849
     7.5-180.0 180.0   5.0 450.0                            LAT/LON1/LON2/DLON/H
  780  834  912  997 1068 1106 1107 1079 1040  998  948  877  786  688  600  524
  456  400  376  404  479  564  615  608  558  498  454  431  422  419  418  414
  399  366  322  286  272  274  274  259  234  213  206  205  198  180  158  140
  127  118  120  139  179  229  274  309  338  372  412  451  485  517  553  598
  648  697  738  764  773  766  754  754  780
     5.0-180.0 180.0   5.0 450.0                            LAT/LON1/LON2/DLON/H
  701  732  798  888  975 1034 1056 1049 1033 1015  988  935  856  768  686  611
  537  469  437  467  552  645  689  661  583  501  446  421  411  406  402  398
  384  352  307  270  257  263  268  258  237  221  217  216  205  181  153  131
  120  118  126  151  195  246  290  322  348  378  414  449  478  504  535  572
  615  659  699  730  745  740  721  702  701
     2.5-180.0 180.0   5.0 450.0                            LAT/LON1/LON2/DLON/H
  635  639  686  769  862  936  976  988  993  998  990  955  893  821  754  688
  613  537  494  517  599  686  715  662  559  461  403  381  375  371  371  374
  368  344  303  266  252  258  264  255  237  223  222  222  209  179  147  125
  118  122  136  165  209  258  300  330  355  384  417  447  469  489  512  542
  577  615  654  690  714  716  695  661  635
