data/电离层参数/2024-01-23/TEC(buag)-2000.01.01-2000.01.02.txt
     1.0            IONOSPHERE MAPS     GNSS                IONEX VERSION / TYPE
IRIS V2.0           IRIS                30-Mar-19 13:38     PGM / RUN BY / DATE 
BUAA'S GLOBAL IONOSPHERE MAPS FOR DAY 001, 2000             COMMENT             
Contact address: Cheng Wang, acheng@buaa.edu.cn             DESCRIPTION         
Web page:        http://ionosphere.cn                       DESCRIPTION         
Advanced Ionosphere Labs at Beihang University              COMMENT             
Prima V1.0 from AI Labs @BUAA                               COMMENT             
  2000     1     1     0     0     0                        EPOCH OF FIRST MAP  
  2000     1     2     0     0     0                        EPOCH OF LAST MAP  
  3600                                                      INTERVAL            
    25                                                      # OF MAPS IN FILE   
  MSLM                                                      MAPPING FUNCTION    
Two-way carrier phase leveled to code                       OBSERVABLES USED    
   230                                                      # OF STATIONS       
    28                                                      # OF SATELLITES     
  6371.0                                                    BASE RADIUS         
     2                                                      MAP DIMENSION       
   450.0 450.0   0.0                                        HGT1 / HGT2 / DHGT  
    87.5 -87.5  -2.5                                        LAT1 / LAT2 / DLAT  
  -180.0 180.0   5.0                                        LON1 / LON2 / DLON  
    -1                                                      EXPONENT            
TEC/RMS values in 0.1 TECU; 9999, if no value available     COMMENT             
List of stations:                                           COMMENT             
acor ade1 alac albh algo alic amc2 ankr aoa1 arp3 artu ashv COMMENT             
atwc auck azry azu1 barb barh bay1 bbry bhr1 bill bjfs blyt COMMENT             
bogo bor1 braz brmu brst brus bshm bucu bzrg cabl cagl carr COMMENT             
casa casc cat1 ccjm ccv3 cedu cfag cha1 chb1 chil chl1 chum COMMENT             
chur chwk cit1 clar cmp9 coco coso coyq crfp cro1 daej darw COMMENT             
dav1 dgar dhlg drao dubo duck dum1 ebre eil1 eng1 eprt fair COMMENT             
flin fts1 gal1 geno gilb glpt glsv gol2 gope gras graz guam COMMENT             
harv helg hers hflk hnlc hnpt hob2 holb holp hrm1 iisc ista COMMENT             
jama joen jplm kabr karr kely kerg kit3 kod1 kok1 kokb kosg COMMENT             
kouc kyw1 lama lamp lasc lhas lhaz lhue lpgs mad2 mag0 mar6 COMMENT             
mars mas1 math maui mdo1 mdvo medi mem2 mil1 mkea mlf1 mob1 COMMENT             
nano neah newl newp nico nlib noto npri nrc1 ntus nya1 nyal COMMENT             
oat2 onsa osn1 palm parc pbl1 penc petp pie1 pin1 plo3 pol2 COMMENT             
psu1 pur3 pvep quin red1 reyz riga rock sag1 sav1 sch2 scip COMMENT             
seat sele sfer shao shee shk1 sio3 sni1 sol1 spk1 stjo str1 COMMENT             
tabl thti thu1 tixi torp toul tow2 trab trak tro1 tskb tubi COMMENT             
uclp uclu unpg upo1 urum usc1 usna usud uzhl vaas van1 vene COMMENT             
vesl vil0 vill vis0 vndp vtis wel1 wes2 wgtn whc1 widc will COMMENT             
wis1 wlsn wslr wsrt wtza wtzr wtzt wtzz wuhn yakz yssk zeck COMMENT             
zimm zwen                                                   COMMENT             
                                                            END OF HEADER       
[from data line 4719]
    12                                                      START OF TEC MAP    
  2000     1     1    11     0     0                        EPOCH OF CURRENT MAP
    87.5-180.0 180.0   5.0 450.0                            LAT/LON1/LON2/DLON/H
   65   65   65   65   65   66   66   66   66   66   66   66   66   66   66   66
   66   66   66   66   66   65   65   65   65   65   65   65   65   65   65   65
   65   65   65   65   65   65   65   65   65   65   65   65   65   64   64   64
   64   64   64   64   64   64   64   63   63   63   63   63   63   63   63   63
   63   64   64   64   64   64   64   65   65
    85.0-180.0 180.0   5.0 450.0                            LAT/LON1/LON2/DLON/H
   62   62   63   63   64   64   64   65   65   65   65   65   65   65   65   64
   64   64   63   63   63   62   62   62   62   62   62   62   62   62   63   63
   63   63   63   63   63   63   64   64   63   63   63   63   63   63   63   63
   62   62   62   61   61   61   60   60   59   59   59   59   59   59   59   59
   59   59   59   60   60   60   61   61   62
    82.5-180.0 180.0   5.0 450.0                            LAT/LON1/LON2/DLON/H
   57   58   59   60   61   61   62   63   63   63   64   63   63   63   62   61
   61   60   59   58   58   57   57   57   57   57   58   58   59   60   60   61
   62   62   63   63   63   63   63   63   63   63   63   63   63   63   63   62
   62   61   61   60   59   58   57   56   55   55   54   54   53   53   53   53
   53   54   54   54   55   55   56   57   57
    80.0-180.0 180.0   5.0 450.0                            LAT/LON1/LON2/DLON/H
   53   54   55   56   57   59   60   61   62   62   62   62   62   61   60   58
   57   56   55   53   53   52   52   52   53   54   55   56   58   59   61   62
   64   64   65   65   65   65   65   65   65   65   65   65   65   65   65   65
   64   64   62   61   59   57   56   54   52   51   50   49   49   49   49   49
   50   50   50   51   51   51   52   52   53
    77.5-180.0 180.0   5.0 450.0                            LAT/LON1/LON2/DLON/H
   50   51   52   53   55   56   58   60   61   62   62   62   61   60   58   57
   55   53   52   50   50   49   49   50   51   52   55   57   60   63   65   68
   70   71   72   72   72   71   70   69   69   69   69   70   71   71   72   72
   71   70   68   65   62   59   56   53   51   49   48   47   47   47   47   48
   48   49   49   49   50   49   49   50   50
    75.0-180.0 180.0   5.0 450.0                            LAT/LON1/LON2/DLON/H
   49   49   50   52   53   56   58   60   62   63   63   63   62   60   59   57
   55   53   52   51   50   50   50   51   52   55   58   61   65   70   74   78
   81   82   83   83   82   80   78   77   76   76   77   78   80   81   82   83
   82   80   76   72   68   63   58   54   50   48   46   45   45   46   47   49
   50   51   51   51   51   50   50   49   49
    72.5-180.0 180.0   5.0 450.0                            LAT/LON1/LON2/DLON/H
   49   49   50   51   53   56   59   61   63   64   65   65   64   62   60   59
   57   56   55   54   54   54   54   55   57   59   63   67   73   78   84   90
   94   97   98   97   95   92   89   87   85   85   87   89   92   95   97   97
   95   92   87   81   74   67   61   55   51   47   45   44   45   46   48   50
   52   54   55   55   54   53   51   50   49
    70.0-180.0 180.0   5.0 450.0                            LAT/LON1/LON2/DLON/H
   51   50   51   52   54   57   60   63   65   66   66   66   65   63   62   61
   60   60   60   60   60   60   61   61   62   64   68   73   79   87   94  102
  107  111  113  112  109  105  101   98   96   97   99  103  107  111  113  113
  111  106   99   90   81   72   64   56   51   46   44   42   43   45   47   50
   53   55   57   57   56   55   53   52   51
    67.5-180.0 180.0   5.0 450.0                            LAT/LON1/LON2/DLON/H
   51   51   51   53   55   58   61   63   65   66   66   65   64   63   63   63
   63   64   66   67   67   67   67   67   67   68   71   76   83   92  102  111
  119  124  126  125  122  118  113  110  108  110  113  119  124  129  132  131
  126  119  109   98   86   76   66   57   50   45   41   39   39   41   43   47
   50   53   55   56   56   55   54   52   51
    65.0-180.0 180.0   5.0 450.0                            LAT/LON1/LON2/DLON/H
   50   50   51   53   55   57   59   61   62   63   62   61   61   61   61   63
   65   68   70   71   72   72   71   69   68   68   70   75   84   94  106  117
  127  134  137  137  134  129  125  122  122  124  129  136  143  149  151  148
  141  131  118  104   91   79   68   59   51   44   39   35   33   34   36   40
   44   47   50   52   52   52   51   50   50
    62.5-180.0 180.0   5.0 450.0                            LAT/LON1/LON2/DLON/H
   48   48   50   51   53   55   56   57   57   57   55   55   54   55   57   61
   64   68   71   73   73   72   69   67   64   63   66   71   81   93  107  121
  132  140  145  145  143  140  136  135  136  140  147  156  164  169  170  166
  156  143  127  111   96   84   73   64   55   46   38   32   28   26   28   31
   35   39   42   44   45   46   46   47   48
    60.0-180.0 180.0   5.0 450.0                            LAT/LON1/LON2/DLON/H
   45   46   48   49   51   52   52   51   50   48   47   46   46   48   51   56
   61   66   69   70   69   67   63   59   56   56   59   66   77   91  108  123
  136  145  151  152  151  150  148  149  153  159  168  177  186  191  191  185
  172  155  137  119  104   92   81   72   62   51   40   31   24   21   21   24
   28   32   35   37   38   40   41   43   45
    57.5-180.0 180.0   5.0 450.0                            LAT/LON1/LON2/DLON/H
   43   45   46   47   48   48   47   45   42   39   37   36   36   39   44   50
   56   61   63   63   61   57   53   49   46   47   52   61   75   92  110  127
  141  151  156  159  160  160  162  166  172  180  190  200  209  214  213  205
  190  171  150  131  116  104   95   85   74   60   47   34   25   21   20   23
   26   30   32   33   34   36   38   40   43
    55.0-180.0 180.0   5.0 450.0                            LAT/LON1/LON2/DLON/H
   44   46   46   46   46   45   43   40   36   32   29   28   28   32   37   44
   50   54   56   54   50   45   40   37   37   40   48   61   78   98  118  135
  149  159  164  167  169  172  177  184  192  202  213  223  232  237  236  227
  211  190  168  148  133  121  112  102   90   74   58   43   33   28   28   30
   34   36   37   37   36   37   39   42   44
    52.5-180.0 180.0   5.0 450.0                            LAT/LON1/LON2/DLON/H
   50   50   49   48   46   45   42   38   34   29   25   23   24   27   32   38
   44   48   48   45   40   34   29   28   31   38   50   67   87  109  130  148
  161  170  175  178  181  187  194  203  214  225  236  246  255  260  259  250
  234  213  189  169  153  142  133  122  108   90   72   57   46   42   43   47
   51   52   51   48   46   45   46   48   50
    50.0-180.0 180.0   5.0 450.0                            LAT/LON1/LON2/DLON/H
   59   58   55   52   50   48   45   41   35   30   26   24   24   26   30   35
   40   42   42   38   31   25   22   23   30   42   59   79  101  125  146  164
  176  184  188  191  195  202  212  223  235  246  257  266  274  279  280  273
  258  236  213  191  175  163  153  141  125  107   88   73   64   62   65   70
   74   74   70   65   60   58   58   59   59
    47.5-180.0 180.0   5.0 450.0                            LAT/LON1/LON2/DLON/H
   71   68   63   59   56   54   51   47   42   36   32   30   30   30   32   35
   38   40   39   34   27   22   20   25   36   52   73   96  119  143  164  181
  192  198  202  205  210  218  229  241  253  265  274  282  289  294  296  292
  278  258  234  212  195  182  170  157  140  121  103   90   84   84   89   94
   97   96   91   83   77   73   73   73   71
    45.0-180.0 180.0   5.0 450.0                            LAT/LON1/LON2/DLON/H
   84   79   72   67   63   62   60   56   51   46   43   41   40   39   39   39
   40   41   39   35   29   24   24   32   47   67   91  114  138  160  180  195
  205  212  216  220  225  233  244  256  269  279  287  293  299  304  307  305
  294  275  252  230  211  197  184  169  151  132  116  105  101  103  108  113
  116  113  106   98   90   87   86   86   84
    42.5-180.0 180.0   5.0 450.0                            LAT/LON1/LON2/DLON/H
   93   87   80   74   71   70   69   66   61   58   56   56   55   52   49   46
   45   45   44   40   35   31   32   43   61   85  109  133  154  174  191  205
  215  223  228  233  239  247  257  269  282  291  298  301  305  310  314  313
  304  287  265  243  224  208  194  178  160  141  126  117  114  115  119  123
  124  120  112  103   96   94   94   95   93
    40.0-180.0 180.0   5.0 450.0                            LAT/LON1/LON2/DLON/H
   98   92   84   78   76   76   76   73   70   68   69   71   71   68   62   56
   53   52   52   49   45   41   44   56   76  102  127  148  167  183  197  210
  221  230  238  246  252  260  270  281  293  303  309  310  311  314  318  318
  311  295  274  253  235  220  205  188  169  151  136  126  122  122  122  123
  121  115  108   99   93   92   95   98   98
    37.5-180.0 180.0   5.0 450.0                            LAT/LON1/LON2/DLON/H
   96   91   84   79   78   78   79   77   75   75   79   84   86   83   76   69
   64   63   63   61   57   53   55   68   90  117  141  161  176  187  199  211
  223  235  247  257  266  274  283  295  308  318  323  323  321  321  324  324
  318  304  285  266  250  236  221  203  183  164  148  137  130  125  121  116
  111  104   96   88   84   85   90   95   96
    35.0-180.0 180.0   5.0 450.0                            LAT/LON1/LON2/DLON/H
   89   86   80   76   75   76   77   75   75   78   84   93   97   96   90   82
   77   75   76   74   69   64   66   79  102  129  153  171  182  190  200  211
  225  240  256  270  281  290  300  313  328  340  345  343  339  337  338  338
  332  319  303  288  275  263  248  229  207  185  166  151  140  130  121  112
  104   95   87   78   74   75   80   87   89
    32.5-180.0 180.0   5.0 450.0                            LAT/LON1/LON2/DLON/H
   79   77   72   69   69   71   70   69   70   75   84   95  103  105  101   94
   89   88   88   86   81   75   75   87  111  139  164  180  189  195  202  214
  230  248  267  284  299  310  322  338  355  369  376  374  368  365  365  364
  358  347  334  323  315  304  289  268  243  217  194  174  158  145  133  121
  110  100   88   78   70   68   72   77   79
    30.0-180.0 180.0   5.0 450.0                            LAT/LON1/LON2/DLON/H
   71   67   64   62   63   63   62   60   62   69   80   92  102  107  107  103
   99   99   99   97   90   83   82   94  119  149  174  189  197  202  210  223
  240  260  281  302  320  336  351  370  390  407  415  414  409  406  406  405
  400  390  381  375  370  361  345  321  291  260  231  207  188  175  163  152
  140  126  111   95   81   72   70   71   71
    27.5-180.0 180.0   5.0 450.0                            LAT/LON1/LON2/DLON/H
   67   62   58   57   58   57   54   53   55   62   73   85   95  103  106  107
  106  106  106  104   98   90   89  102  128  159  185  201  209  214  224  238
  256  277  299  323  345  365  386  408  431  450  460  461  459  459  461  462
  457  449  443  440  438  430  411  383  348  311  277  250  232  222  216  208
  196  180  158  134  110   91   79   72   67
    25.0-180.0 180.0   5.0 450.0                            LAT/LON1/LON2/DLON/H
   71   62   59   59   59   56   52   49   52   59   68   76   84   93  100  105
  107  109  110  108  102   96   97  111  139  172  199  215  224  231  243  259
  278  298  320  345  372  397  423  448  473  494  505  510  512  518  524  527
  524  517  514  514  513  503  481  448  408  367  328  300  286  285  289  288
  279  258  229  194  158  126  101   83   71
    22.5-180.0 180.0   5.0 450.0                            LAT/LON1/LON2/DLON/H
   84   72   69   70   70   64   57   54   57   64   68   70   73   80   89   98
  103  106  108  107  104  101  106  123  153  187  214  231  240  250  265  284
  303  322  343  369  398  429  459  487  513  533  546  555  563  576  588  595
  593  587  585  587  586  573  546  509  465  421  381  354  347  358  375  384
  376  352  314  267  219  173  135  105   84
    20.0-180.0 180.0   5.0 450.0                            LAT/LON1/LON2/DLON/H
  107   92   89   92   91   84   74   69   73   77   76   69   65   68   78   88
   96  100  102  104  104  107  117  139  171  205  231  247  258  271  289  311
  330  347  366  391  424  459  492  521  545  564  578  590  606  626  645  655
  654  650  649  651  647  630  598  558  514  469  430  406  408  431  462  480
  475  446  400  343  284  227  177  136  107
    17.5-180.0 180.0   5.0 450.0                            LAT/LON1/LON2/DLON/H
  137  121  120  125  125  114  101   96   98  101   93   78   64   61   69   79
   87   91   95   99  104  113  129  157  192  225  250  264  275  290  313  337
  357  372  388  413  447  485  519  546  567  584  598  614  635  662  687  700
  700  696  695  696  690  669  634  594  552  510  472  452  461  495  537  563
  559  525  472  409  343  280  221  172  137
    15.0-180.0 180.0   5.0 450.0                            LAT/LON1/LON2/DLON/H
  172  156  158  167  167  154  138  130  132  133  120   95   73   63   67   75
   80   83   87   94  104  119  143  177  214  246  267  280  291  309  334  361
  382  395  410  434  468  507  540  563  580  593  607  626  652  683  710  725
  726  722  721  721  713  689  654  616  579  541  507  489  501  542  589  618
  613  576  518  453  387  323  262  210  172
    12.5-180.0 180.0   5.0 450.0                            LAT/LON1/LON2/DLON/H
  208  194  200  213  214  199  180  170  171  169  151  121   91   75   73   77
   78   79   83   91  105  127  158  197  236  266  285  295  307  327  355  384
  405  419  432  455  489  525  555  574  586  597  610  630  657  689  717  731
  731  727  727  727  717  692  659  627  597  566  534  516  527  566  613  640
  632  591  533  470  410  352  295  244  208
    10.0-180.0 180.0   5.0 450.0                            LAT/LON1/LON2/DLON/H
  241  231  241  257  259  243  221  208  207  204  184  150  117   96   89   86
   83   81   83   93  110  136  172  215  256  284  301  310  323  345  376  406
  429  443  456  477  509  543  568  582  589  598  611  630  656  686  710  722
  722  718  718  718  709  686  657  631  610  585  556  534  537  567  606  627
  615  573  517  462  411  365  318  273  241
     7.5-180.0 180.0   5.0 450.0                            LAT/LON1/LON2/DLON/H
  269  262  276  293  296  279  255  241  238  233  212  178  144  122  110  101
   93   88   89   99  117  146  186  232  272  300  315  325  340  364  396  428
  451  467  481  502  531  561  581  589  594  601  614  632  654  678  698  707
  705  701  701  702  694  675  652  634  621  601  572  544  535  551  577  588
  570  529  479  433  397  364  330  295  269
     5.0-180.0 180.0   5.0 450.0                            LAT/LON1/LON2/DLON/H
  290  286  300  318  320  303  278  263  258  251  231  199  169  147  133  119
  107   99  100  109  127  157  198  245  285  312  328  340  358  384  416  448
  473  490  506  527  554  579  594  599  602  610  623  639  656  672  685  691
  688  683  683  684  680  665  648  638  630  614  583  548  525  524  534  533
  512  473  430  396  373  355  334  310  290
     2.5-180.0 180.0   5.0 450.0                            LAT/LON1/LON2/DLON/H
  305  302  313  327  328  311  287  271  265  257  238  211  185  167  152  136
  120  112  113  122  139  167  208  254  294  321  338  354  375  403  435  466
  492  512  530  551  575  597  608  612  615  624  638  651  662  671  678  680
  675  670  669  670  667  657  646  640  636  622  589  546  511  494  487  477
  453  418  384  359  348  343  335  320  305
