data/电离层参数/2024-01-23/TEC(buag)-2021.01.21-2021.01.22.txt
     1.0            IONOSPHERE MAPS     GNSS                IONEX VERSION / TYPE
IRIS V2.0           IRIS                20-Aug-21 09:09     PGM / RUN BY / DATE 
BUAA'S GLOBAL IONOSPHERE MAPS FOR DAY 021, 2021             COMMENT             
Contact address: Cheng WANG, acheng@buaa.edu.cn             DESCRIPTION         
Web page:        http://ionosphere.cn                       DESCRIPTION         
STAR Labs at Beihang University                             COMMENT             
FLASH Pro from STAR Labs @BUAA                              COMMENT             
  2021     1    21     0     0     0                        EPOCH OF FIRST MAP  
  2021     1    22     0     0     0                        EPOCH OF LAST MAP  
  3600                                                      INTERVAL            
    25                                                      # OF MAPS IN FILE   
  MSLM                                                      MAPPING FUNCTION    
Two-way carrier phase leveled to code                       OBSERVABLES USED    
   234                                                      # OF STATIONS       
    31                                                      # OF SATELLITES     
  6371.0                                                    BASE RADIUS         
     2                                                      MAP DIMENSION       
   450.0 450.0   0.0                                        HGT1 / HGT2 / DHGT  
    87.5 -87.5  -2.5                                        LAT1 / LAT2 / DLAT  
  -180.0 180.0   5.0                                        LON1 / LON2 / DLON  
    -1                                                      EXPONENT            
TEC/RMS values in 0.1 TECU; 9999, if no value available     COMMENT             
List of stations:                                           COMMENT             
abmf abpo adis aira ajac albh alg3 algo ankr antc areg areq COMMENT             
artu aruc ascg auck baie bake bako bamf bcov bill bjfs blyt COMMENT             
bogt bor1 brew brst cags ccj2 chil chpg chpi chti chu2 chum COMMENT             
chur chwk cit1 clrs cmp9 cnmr coso crfp cro1 cusv daej dgar COMMENT             
dhlg djig dra3 dra4 drag drao dubo dund eliz escu eur2 fair COMMENT             
falk ffmj flin frdn glps glsv gmsd gode godz gol2 gold gope COMMENT             
grac gras guam guat guug hers hert hlfx hnlc holb hrao hueg COMMENT             
ieng iisc invk iqal iqqe irkj irkm isba ista jfng joz2 joze COMMENT             
jplm kgni kokb kokv krgg lama lbch leij lmmf lovj lroc mad2 COMMENT             
madr mag0 mars maui mayg mbar mcm4 mdo1 mdvj metg mikl mkea COMMENT             
mobj mobk mobn monp morp mqzg mtka nano nico nist nklg nlib COMMENT             
novm nrc1 nril ntka nvsk nya1 nyal ohi2 opmt orid palm parc COMMENT             
penc pets picl pie1 pimo pin1 pol2 polv prd2 prd3 prds ptag COMMENT             
ptal ptbb ptgg ptrf qaq1 quad quin rabt ramo rbay rdsd reun COMMENT             
rgdg riga riop rock sask sc04 sch2 scor seyg sfdm shao she2 COMMENT             
smst sofi ssia sthl stj2 stjo stk2 suth svtl syog tabl tfno COMMENT             
thtg thti thu2 tidb tit2 tixg tixi tlse tlsg tnml trak tro1 COMMENT             
tsk2 tskb tubi tukt uclu unbj usn7 usud vacs vald vndp wab2 COMMENT             
wark warn wgtn whc1 whit widc will wroc wtza yakt yel3 yell COMMENT             
ykro yssk zamb zeck zim2 zimm                               COMMENT             
                                                            END OF HEADER       
[from data line 858]
     3                                                      START OF TEC MAP    
  2021     1    21     2     0     0                        EPOCH OF CURRENT MAP
    87.5-180.0 180.0   5.0 450.0                            LAT/LON1/LON2/DLON/H
   31   31   32   32   32   32   32   32   32   32   31   31   31   31   31   31
   31   31   30   30   30   30   30   30   29   29   29   29   29   29   29   29
   29   29   29   29   29   29   30   30   30   30   30   30   30   30   30   31
   31   31   31   31   31   31   31   31   31   31   31   31   31   31   31   31
   31   31   31   31   31   31   31   31   31
    85.0-180.0 180.0   5.0 450.0                            LAT/LON1/LON2/DLON/H
   29   29   29   30   30   30   30   30   30   30   30   30   30   30   29   29
   28   28   27   27   26   26   25   25   25   24   24   24   24   24   24   24
   24   24   25   25   25   26   26   26   27   27   27   27   28   28   28   28
   28   28   28   28   28   28   28   28   28   28   28   28   28   28   28   28
   28   28   28   28   28   28   29   29   29
    82.5-180.0 180.0   5.0 450.0                            LAT/LON1/LON2/DLON/H
   25   26   26   26   27   27   28   28   28   28   28   28   28   27   27   26
   25   25   24   23   22   21   20   19   18   18   18   18   18   18   18   18
   19   19   20   20   21   21   22   22   23   23   24   24   24   24   24   24
   24   24   24   24   24   24   24   24   24   24   24   24   24   24   24   24
   24   24   24   24   24   24   25   25   25
    80.0-180.0 180.0   5.0 450.0                            LAT/LON1/LON2/DLON/H
   22   23   23   24   24   25   25   25   26   26   26   26   25   25   24   23
   22   21   20   18   17   15   14   13   13   12   12   12   12   13   13   14
   15   15   16   17   17   18   18   19   19   19   20   20   20   20   20   20
   20   20   20   20   20   20   20   20   20   20   20   21   21   21   21   21
   21   21   21   21   21   21   21   22   22
    77.5-180.0 180.0   5.0 450.0                            LAT/LON1/LON2/DLON/H
   21   22   22   23   23   23   23   24   24   23   23   23   22   22   21   20
   19   18   16   15   13   12   10    9    9    8    8    8    9   10   11   12
   13   14   14   15   15   16   16   16   16   16   16   16   16   16   16   16
   15   15   15   15   15   15   15   16   16   17   18   18   19   19   20   20
   20   21   21   21   21   21   21   21   21
    75.0-180.0 180.0   5.0 450.0                            LAT/LON1/LON2/DLON/H
   24   24   24   24   24   24   23   23   22   21   21   20   19   19   18   17
   16   15   14   13   11   10    9    8    7    7    8    8    9   10   11   12
   13   14   14   15   15   14   14   14   14   13   13   13   13   13   12   12
   11   11   11   11   11   11   12   13   14   15   17   18   20   21   22   23
   23   24   24   24   24   24   24   24   24
    72.5-180.0 180.0   5.0 450.0                            LAT/LON1/LON2/DLON/H
   30   29   29   29   28   27   25   23   22   20   18   17   16   16   15   15
   15   14   13   12   12   11   10    9    9    9   10   11   12   13   14   15
   15   16   15   15   14   14   13   12   11   11   11   11   10   10   10   10
    9    8    8    8    8    8    9   11   13   16   18   21   23   25   27   28
   29   30   30   30   30   30   30   30   30
    70.0-180.0 180.0   5.0 450.0                            LAT/LON1/LON2/DLON/H
   37   36   35   34   33   31   28   25   22   19   16   14   13   13   13   13
   14   14   14   14   14   13   13   13   13   14   14   15   16   17   17   18
   17   17   16   15   14   12   11   10    9    9    9    9    9    9    9    9
    8    7    7    6    6    7    9   12   15   18   22   25   29   32   34   36
   37   38   38   38   38   38   37   37   37
    67.5-180.0 180.0   5.0 450.0                            LAT/LON1/LON2/DLON/H
   43   42   41   40   38   36   32   28   23   19   15   12   11   10   11   12
   13   14   15   16   16   17   17   18   18   19   19   20   20   20   20   19
   18   17   15   14   12   10    9    8    7    7    8    9    9   10   10   10
    9    8    7    7    7    8   10   14   18   22   27   31   36   39   42   44
   45   46   46   46   46   45   44   44   43
    65.0-180.0 180.0   5.0 450.0                            LAT/LON1/LON2/DLON/H
   47   46   45   44   42   39   36   31   25   19   14   11    9    9   10   11
   13   15   16   17   18   19   20   21   22   22   23   22   22   21   20   19
   17   15   13   11    9    8    7    6    6    7    8    9   11   12   12   12
   11   10    9    8    9   10   13   18   23   28   33   38   43   47   49   51
   53   53   53   53   52   51   49   48   47
    62.5-180.0 180.0   5.0 450.0                            LAT/LON1/LON2/DLON/H
   48   47   46   45   44   42   38   33   27   21   15   11    9    8    9   11
   13   15   16   18   19   20   21   22   23   24   24   23   22   21   19   17
   15   12   10    8    7    6    6    6    7    8    9   11   13   14   15   15
   14   13   11   11   12   14   18   23   29   35   41   46   50   54   56   57
   58   58   58   57   56   54   52   50   48
    60.0-180.0 180.0   5.0 450.0                            LAT/LON1/LON2/DLON/H
   47   45   45   44   44   43   40   36   30   23   17   12   10    9   10   12
   13   15   16   17   18   19   20   21   22   22   23   22   21   19   17   14
   12   10    8    7    7    7    7    8    9   10   12   14   16   17   18   18
   17   16   14   14   15   18   23   30   36   43   48   53   57   60   62   62
   62   62   61   60   58   55   52   50   47
    57.5-180.0 180.0   5.0 450.0                            LAT/LON1/LON2/DLON/H
   46   44   43   44   44   44   43   39   33   26   20   15   12   12   12   13
   14   14   14   15   15   16   17   18   19   20   20   20   19   17   15   13
   11    9    8    8    9   10   12   13   14   15   16   17   19   21   22   22
   21   19   17   17   19   24   30   37   44   51   57   61   64   66   67   67
   66   65   63   62   59   57   53   50   46
    55.0-180.0 180.0   5.0 450.0                            LAT/LON1/LON2/DLON/H
   48   46   45   45   46   47   46   42   37   30   24   19   17   16   15   15
   14   14   13   13   13   13   13   15   16   18   19   20   20   18   17   15
   13   11   11   12   15   17   20   21   22   22   21   22   23   24   25   26
   24   23   21   22   24   30   37   45   53   60   65   69   71   72   72   71
   70   68   66   64   62   59   56   52   48
    52.5-180.0 180.0   5.0 450.0                            LAT/LON1/LON2/DLON/H
   55   52   51   51   52   52   51   47   41   35   29   25   22   21   19   17
   16   14   13   13   12   12   12   13   16   19   21   23   23   23   21   20
   18   17   18   20   23   27   30   31   31   29   27   26   27   28   29   30
   29   27   26   27   30   37   45   54   62   68   73   76   77   78   77   76
   74   72   70   68   66   64   61   58   55
    50.0-180.0 180.0   5.0 450.0                            LAT/LON1/LON2/DLON/H
   65   64   63   63   62   61   58   53   47   41   35   32   29   26   24   21
   18   16   16   16   16   15   15   17   19   23   27   30   31   31   30   28
   27   26   27   30   34   38   41   41   39   36   33   31   31   32   34   35
   35   33   32   33   37   44   54   63   71   76   80   82   83   83   82   80
   78   76   75   73   72   70   69   67   65
    47.5-180.0 180.0   5.0 450.0                            LAT/LON1/LON2/DLON/H
   79   79   79   78   76   72   67   61   54   47   42   39   36   33   29   25
   22   21   22   23   24   24   24   25   28   33   38   41   43   42   40   39
   37   37   38   41   45   48   50   50   47   43   39   36   35   37   40   42
   42   41   40   41   45   53   62   71   78   83   86   87   87   87   85   84
   82   80   79   78   77   77   77   78   79
    45.0-180.0 180.0   5.0 450.0                            LAT/LON1/LON2/DLON/H
   91   95   96   95   91   85   77   68   60   53   49   46   44   40   35   30
   27   27   31   35   37   37   37   38   41   47   52   55   56   54   52   49
   47   46   47   50   54   57   58   57   53   48   44   41   41   43   46   49
   50   50   48   49   53   60   69   77   83   87   89   89   89   88   87   86
   85   83   81   80   80   81   83   87   91
    42.5-180.0 180.0   5.0 450.0                            LAT/LON1/LON2/DLON/H
  100  106  110  109  104   96   85   75   66   59   56   54   52   48   42   35
   33   36   43   50   54   54   53   53   57   62   67   69   68   65   61   58
   56   55   56   58   60   62   63   61   57   53   48   46   46   49   53   57
   59   58   57   58   61   67   75   81   86   88   89   89   88   88   87   87
   86   84   82   80   79   81   85   92  100
    40.0-180.0 180.0   5.0 450.0                            LAT/LON1/LON2/DLON/H
  102  112  118  118  113  103   91   80   71   65   62   62   61   56   49   43
   41   46   56   66   72   72   70   69   71   76   80   81   78   73   68   64
   62   61   62   63   65   65   64   62   59   56   53   52   52   55   60   64
   66   66   65   65   68   73   78   83   86   86   86   86   86   86   86   86
   86   84   82   79   77   79   84   92  102
    37.5-180.0 180.0   5.0 450.0                            LAT/LON1/LON2/DLON/H
  100  110  117  119  114  104   93   82   75   70   69   70   70   65   58   50
   49   55   68   80   87   87   84   82   83   86   89   87   83   77   72   68
   66   66   66   67   67   66   64   61   59   58   57   57   58   61   65   69
   72   72   71   70   72   76   80   82   83   83   82   82   83   84   85   87
   87   86   82   78   76   77   81   89  100
    35.0-180.0 180.0   5.0 450.0                            LAT/LON1/LON2/DLON/H
   95  104  110  112  109  101   92   83   78   75   76   78   79   75   67   59
   57   64   78   91   98   97   92   89   89   91   91   89   83   78   73   70
   69   69   70   69   68   65   62   59   59   60   61   62   63   64   67   71
   73   74   73   73   74   76   78   79   79   78   78   80   82   85   88   91
   92   91   87   83   80   79   82   87   95
    32.5-180.0 180.0   5.0 450.0                            LAT/LON1/LON2/DLON/H
   94   97  101  102   99   94   88   83   80   80   82   85   87   83   75   67
   64   70   83   96  102  100   95   90   88   88   88   85   80   75   72   72
   72   73   73   71   68   64   60   57   58   61   64   66   66   65   66   69
   71   73   73   72   73   75   76   76   75   75   77   81   86   91   96  101
  104  103  100   95   92   91   91   92   94
    30.0-180.0 180.0   5.0 450.0                            LAT/LON1/LON2/DLON/H
  102   97   94   92   90   87   84   83   83   85   87   91   93   90   82   73
   69   74   85   96  100   97   91   85   82   81   80   77   74   72   72   74
   76   77   76   73   68   62   57   55   56   61   65   67   65   63   62   64
   66   68   69   70   71   73   74   74   74   76   80   87   96  104  112  119
  123  123  121  118  117  116  114  109  102
    27.5-180.0 180.0   5.0 450.0                            LAT/LON1/LON2/DLON/H
  124  108   96   89   85   83   84   85   87   88   90   94   96   94   87   78
   73   75   83   90   93   90   83   77   73   71   70   69   68   69   72   76
   80   81   79   74   68   61   55   52   54   59   63   64   62   58   55   56
   58   61   64   66   69   72   74   75   77   81   90  101  113  125  136  145
  150  151  149  149  152  154  151  140  124
    25.0-180.0 180.0   5.0 450.0                            LAT/LON1/LON2/DLON/H
  158  132  110   97   89   87   87   89   91   91   91   93   96   95   89   81
   74   74   78   83   84   81   75   69   65   62   62   62   64   68   73   78
   82   83   80   74   66   58   52   50   51   55   58   59   55   50   46   46
   49   54   58   63   68   73   77   81   85   93  105  120  136  151  164  175
  181  183  183  186  194  201  199  184  158
    22.5-180.0 180.0   5.0 450.0                            LAT/LON1/LON2/DLON/H
  203  167  137  116  104   98   96   96   96   93   90   90   92   92   88   80
   73   71   72   74   75   72   68   63   59   57   57   59   63   68   74   79
   82   82   78   71   63   55   49   46   46   49   51   50   46   40   37   37
   41   47   54   62   69   77   84   90   98  109  125  144  163  180  195  206
  213  214  215  222  235  249  251  234  203
    20.0-180.0 180.0   5.0 450.0                            LAT/LON1/LON2/DLON/H
  250  209  173  146  128  117  110  106  101   93   87   85   86   87   84   78
   71   67   67   67   68   68   65   62   58   56   58   61   66   70   73   77
   79   78   73   66   58   51   45   42   41   41   41   39   35   31   28   30
   35   43   52   63   73   84   94  103  114  129  148  169  189  207  221  233
  239  240  241  250  269  289  297  283  250
    17.5-180.0 180.0   5.0 450.0                            LAT/LON1/LON2/DLON/H
  290  251  213  182  159  141  128  117  106   94   84   79   79   81   79   74
   68   64   63   63   65   67   67   65   62   61   64   68   71   72   71   72
   72   70   65   58   52   46   42   39   36   34   31   28   25   22   22   24
   31   41   53   66   79   92  105  117  130  148  169  191  211  227  240  251
  256  256  256  266  287  313  328  320  290
    15.0-180.0 180.0   5.0 450.0                            LAT/LON1/LON2/DLON/H
  317  284  250  219  192  168  148  130  112   95   82   75   74   75   74   70
   66   63   62   63   66   69   71   71   69   70   73   77   77   73   67   63
   62   61   57   51   46   42   39   36   32   27   23   19   17   16   17   21
   29   41   55   70   86  101  115  129  145  164  186  207  225  238  248  257
  261  260  259  267  289  318  338  339  317
    12.5-180.0 180.0   5.0 450.0                            LAT/LON1/LON2/DLON/H
  327  305  279  251  223  195  168  143  120   99   84   75   73   72   70   67
   64   63   63   65   69   74   77   78   78   80   85   88   84   73   61   54
   52   51   49   45   41   40   38   35   30   23   17   13   12   13   16   21
   29   42   58   75   92  108  122  137  154  174  196  215  229  238  245  251
  254  253  251  256  275  303  328  337  327
    10.0-180.0 180.0   5.0 450.0                            LAT/LON1/LON2/DLON/H
  320  313  298  276  249  218  186  157  130  107   90   81   77   74   70   67
   65   66   67   69   73   78   82   83   84   89   95   97   89   72   56   46
   44   45   44   41   39   39   39   36   30   22   15   11   11   13   17   22
   31   44   61   79   95  111  125  141  157  177  198  215  225  229  232  236
  240  240  237  238  252  276  301  317  320
     7.5-180.0 180.0   5.0 450.0                            LAT/LON1/LON2/DLON/H
  303  309  305  292  267  236  203  171  143  120  103   93   87   81   75   70
   69   71   72   74   77   81   84   85   88   94  103  104   93   72   52   42
   41   43   43   42   40   41   41   38   31   23   16   12   12   15   19   24
   33   46   63   80   96  110  123  138  155  173  192  207  215  215  214  217
  222  225  223  222  229  246  268  289  303
     5.0-180.0 180.0   5.0 450.0                            LAT/LON1/LON2/DLON/H
  282  299  306  299  278  248  216  186  160  137  121  111  103   93   84   77
   76   78   79   80   81   82   83   83   87   95  105  107   94   72   52   43
   44   47   47   45   44   44   44   40   34   26   20   16   16   19   22   27
   35   48   64   79   93  105  118  131  147  165  183  196  201  199  196  199
  206  214  216  214  215  223  239  260  282
     2.5-180.0 180.0   5.0 450.0                            LAT/LON1/LON2/DLON/H
  266  289  303  301  283  256  227  201  178  158  143  132  121  108   96   87
   85   86   86   85   83   82   80   79   82   93  104  107   95   74   56   50
   52   55   54   51   48   47   46   42   36   30   25   22   21   23   25   30
   37   49   63   77   89   99  110  123  138  155  172  185  189  186  183  185
  196  210  218  218  215  216  225  243  266
