data/电离层参数/2024-01-23/TEC(buag)-2021.01.21-2021.01.22.txt
     1.0            IONOSPHERE MAPS     GNSS                IONEX VERSION / TYPE
IRIS V2.0           IRIS                20-Aug-21 09:09     PGM / RUN BY / DATE 
BUAA'S GLOBAL IONOSPHERE MAPS FOR DAY 021, 2021             COMMENT             
Contact address: Cheng WANG, acheng@buaa.edu.cn             DESCRIPTION         
Web page:        http://ionosphere.cn                       DESCRIPTION         
STAR Labs at Beihang University                             COMMENT             
FLASH Pro from STAR Labs @BUAA                              COMMENT             
  2021     1    21     0     0     0                        EPOCH OF FIRST MAP  
  2021     1    22     0     0     0                        EPOCH OF LAST MAP  
  3600                                                      INTERVAL            
    25                                                      # OF MAPS IN FILE   
  MSLM                                                      MAPPING FUNCTION    
Two-way carrier phase leveled to code                       OBSERVABLES USED    
   234                                                      # OF STATIONS       
    31                                                      # OF SATELLITES     
  6371.0                                                    BASE RADIUS         
     2                                                      MAP DIMENSION       
   450.0 450.0   0.0                                        HGT1 / HGT2 / DHGT  
    87.5 -87.5  -2.5                                        LAT1 / LAT2 / DLAT  
  -180.0 180.0   5.0                                        LON1 / LON2 / DLON  
    -1                                                      EXPONENT            
TEC/RMS values in 0.1 TECU; 9999, if no value available     COMMENT             
List of stations:                                           COMMENT             
abmf abpo adis aira ajac albh alg3 algo ankr antc areg areq COMMENT             
artu aruc ascg auck baie bake bako bamf bcov bill bjfs blyt COMMENT             
bogt bor1 brew brst cags ccj2 chil chpg chpi chti chu2 chum COMMENT             
chur chwk cit1 clrs cmp9 cnmr coso crfp cro1 cusv daej dgar COMMENT             
dhlg djig dra3 dra4 drag drao dubo dund eliz escu eur2 fair COMMENT             
falk ffmj flin frdn glps glsv gmsd gode godz gol2 gold gope COMMENT             
grac gras guam guat guug hers hert hlfx hnlc holb hrao hueg COMMENT             
ieng iisc invk iqal iqqe irkj irkm isba ista jfng joz2 joze COMMENT             
jplm kgni kokb kokv krgg lama lbch leij lmmf lovj lroc mad2 COMMENT             
madr mag0 mars maui mayg mbar mcm4 mdo1 mdvj metg mikl mkea COMMENT             
mobj mobk mobn monp morp mqzg mtka nano nico nist nklg nlib COMMENT             
novm nrc1 nril ntka nvsk nya1 nyal ohi2 opmt orid palm parc COMMENT             
penc pets picl pie1 pimo pin1 pol2 polv prd2 prd3 prds ptag COMMENT             
ptal ptbb ptgg ptrf qaq1 quad quin rabt ramo rbay rdsd reun COMMENT             
rgdg riga riop rock sask sc04 sch2 scor seyg sfdm shao she2 COMMENT             
smst sofi ssia sthl stj2 stjo stk2 suth svtl syog tabl tfno COMMENT             
thtg thti thu2 tidb tit2 tixg tixi tlse tlsg tnml trak tro1 COMMENT             
tsk2 tskb tubi tukt uclu unbj usn7 usud vacs vald vndp wab2 COMMENT             
wark warn wgtn whc1 whit widc will wroc wtza yakt yel3 yell COMMENT             
ykro yssk zamb zeck zim2 zimm                               COMMENT             
                                                            END OF HEADER       
[from data line 8151]
    20                                                      START OF TEC MAP    
  2021     1    21    19     0     0                        EPOCH OF CURRENT MAP
    87.5-180.0 180.0   5.0 450.0                            LAT/LON1/LON2/DLON/H
   19   19   19   19   19   19   19   19   19   19   19   19   19   19   19   19
   19   18   18   18   17   17   17   16   16   16   15   15   15   14   14   14
   14   14   14   14   14   14   14   14   14   14   14   14   14   14   15   15
   15   15   15   15   16   16   16   16   16   16   16   17   17   17   17   17
   17   17   18   18   18   18   18   18   19
    85.0-180.0 180.0   5.0 450.0                            LAT/LON1/LON2/DLON/H
   20   20   21   21   22   22   23   23   24   24   24   24   24   24   24   24
   23   23   22   21   20   19   18   17   16   16   15   14   13   13   13   12
   12   12   12   12   12   12   12   13   13   13   13   14   14   14   15   15
   15   15   16   16   16   16   16   17   17   17   17   17   17   17   18   18
   18   18   18   18   19   19   19   20   20
    82.5-180.0 180.0   5.0 450.0                            LAT/LON1/LON2/DLON/H
   20   21   22   23   24   25   26   27   28   29   30   30   31   31   31   31
   30   29   28   27   25   23   22   20   18   17   15   14   13   12   11   11
   11   11   11   12   12   12   13   13   13   14   14   14   15   15   15   15
   16   16   16   17   17   17   17   17   17   18   18   18   18   18   18   18
   18   18   18   18   18   18   19   19   20
    80.0-180.0 180.0   5.0 450.0                            LAT/LON1/LON2/DLON/H
   19   20   21   22   24   26   28   30   31   33   35   36   38   38   39   39
   38   37   36   34   32   30   27   24   21   19   17   15   13   12   11   11
   11   11   12   13   13   14   14   14   15   15   15   15   15   15   16   16
   16   16   17   17   17   17   17   18   18   18   18   18   18   18   18   18
   17   17   17   17   17   17   17   18   19
    77.5-180.0 180.0   5.0 450.0                            LAT/LON1/LON2/DLON/H
   16   17   19   21   23   25   28   31   33   36   39   41   43   45   46   47
   47   47   45   43   41   37   34   30   26   23   20   17   15   13   12   12
   12   13   14   14   15   16   16   16   16   16   15   15   15   15   15   15
   16   16   16   17   17   17   17   17   17   17   17   18   18   18   18   17
   17   17   16   16   15   15   15   15   16
    75.0-180.0 180.0   5.0 450.0                            LAT/LON1/LON2/DLON/H
   14   15   17   19   21   24   27   30   34   37   41   44   47   50   53   54
   55   55   55   53   50   47   43   38   33   29   24   20   17   15   14   14
   14   15   16   16   17   17   17   17   16   15   14   14   13   13   14   14
   14   15   15   15   16   16   16   16   16   16   16   17   17   18   18   18
   17   17   16   15   14   14   13   13   14
    72.5-180.0 180.0   5.0 450.0                            LAT/LON1/LON2/DLON/H
   13   14   15   17   20   23   26   30   33   37   41   46   49   53   57   59
   62   63   63   62   60   57   52   47   41   35   30   25   21   18   16   15
   15   16   17   17   18   18   17   16   15   13   12   11   11   11   11   12
   13   13   14   14   14   14   13   13   13   14   15   16   17   18   18   18
   18   17   16   15   14   13   12   12   13
    70.0-180.0 180.0   5.0 450.0                            LAT/LON1/LON2/DLON/H
   13   14   15   17   20   23   26   30   33   37   41   46   50   54   58   62
   66   68   70   70   69   66   62   56   50   43   36   30   25   21   18   16
   16   16   16   17   17   16   16   14   12   10    9    8    7    8    8   10
   11   12   13   13   12   12   11   11   11   12   13   15   17   18   19   20
   20   19   18   16   15   14   13   13   13
    67.5-180.0 180.0   5.0 450.0                            LAT/LON1/LON2/DLON/H
   15   16   18   20   22   25   28   31   34   38   42   46   50   54   59   63
   68   71   74   76   75   73   70   64   58   50   43   36   30   24   20   17
   15   14   14   14   14   14   13   11   10    8    6    5    5    5    7    8
   10   11   12   12   11   10    9    9    9   10   12   14   17   19   21   22
   22   21   20   19   17   16   15   15   15
    65.0-180.0 180.0   5.0 450.0                            LAT/LON1/LON2/DLON/H
   20   21   22   24   27   30   32   35   38   41   44   47   50   54   59   63
   68   73   76   79   79   78   75   70   64   57   49   42   35   28   22   18
   14   12   11   10   10   10   10    9    8    6    5    4    4    5    6    8
    9   11   11   11   11   10    9    9    9   10   13   15   19   21   24   25
   25   24   23   21   20   19   19   19   20
    62.5-180.0 180.0   5.0 450.0                            LAT/LON1/LON2/DLON/H
   25   26   28   31   34   37   39   42   44   46   48   50   52   55   59   63
   68   73   77   80   81   80   78   74   68   62   55   47   40   33   26   19
   14   10    8    7    8    8    9   10    9    8    7    7    6    6    7    9
   10   11   12   12   12   11   10   10   11   13   15   18   22   25   27   28
   28   27   26   25   24   23   23   24   25
    60.0-180.0 180.0   5.0 450.0                            LAT/LON1/LON2/DLON/H
   30   32   35   38   41   45   48   51   53   54   54   55   56   58   61   64
   68   72   76   79   80   80   78   74   70   65   59   53   46   39   30   22
   15   10    7    6    7    9   11   13   14   14   14   12   11   11   11   11
   12   13   14   14   14   14   14   15   16   18   20   23   26   29   30   31
   31   30   29   28   27   28   28   29   30
    57.5-180.0 180.0   5.0 450.0                            LAT/LON1/LON2/DLON/H
   35   37   40   45   49   54   58   61   63   63   62   62   61   62   63   66
   69   72   75   78   79   78   76   74   71   67   64   59   53   46   37   27
   19   12    8    8   10   14   18   21   24   24   23   22   19   17   16   15
   15   15   16   17   18   19   21   22   23   25   27   29   32   33   35   35
   34   32   31   31   31   31   32   33   35
    55.0-180.0 180.0   5.0 450.0                            LAT/LON1/LON2/DLON/H
   39   41   45   50   57   63   68   72   73   73   71   69   67   67   67   68
   70   73   75   77   77   77   75   73   72   70   69   66   61   54   45   35
   25   17   14   14   17   23   28   33   36   37   36   33   29   26   22   20
   19   19   20   21   23   26   28   31   32   33   35   36   38   39   39   38
   36   35   34   33   34   35   36   37   39
    52.5-180.0 180.0   5.0 450.0                            LAT/LON1/LON2/DLON/H
   41   44   49   55   63   70   77   81   83   82   80   76   73   72   71   72
   73   75   77   78   78   77   75   74   74   74   75   73   70   63   54   43
   33   25   22   24   29   35   42   47   50   51   49   44   39   34   30   26
   25   24   25   26   29   33   37   40   41   42   42   43   43   44   43   41
   39   37   35   35   36   37   38   39   41
    50.0-180.0 180.0   5.0 450.0                            LAT/LON1/LON2/DLON/H
   43   46   51   59   67   76   84   90   92   91   87   83   79   77   76   76
   77   79   80   81   80   79   78   78   80   81   82   82   78   72   62   51
   41   34   33   36   42   50   57   62   64   64   60   55   49   42   37   33
   31   30   31   32   36   40   44   47   49   49   49   48   48   48   46   44
   41   38   36   35   36   37   39   40   43
    47.5-180.0 180.0   5.0 450.0                            LAT/LON1/LON2/DLON/H
   44   48   54   61   71   80   89   96   99   98   95   90   86   83   81   81
   83   84   86   86   86   85   85   86   88   91   92   91   86   79   68   57
   48   44   44   49   57   65   72   76   76   74   70   63   56   49   44   41
   39   38   38   39   41   45   49   52   54   53   52   52   51   50   49   45
   41   38   35   35   36   37   38   41   44
    45.0-180.0 180.0   5.0 450.0                            LAT/LON1/LON2/DLON/H
   44   49   56   64   73   83   92  100  104  104  101   97   93   90   89   89
   90   91   93   94   94   94   95   97  100  102  102   99   93   84   73   62
   54   52   55   62   71   79   84   86   85   82   76   69   61   55   50   48
   47   46   46   45   46   48   51   54   55   54   53   53   52   52   50   46
   41   37   34   33   33   35   37   40   44
    42.5-180.0 180.0   5.0 450.0                            LAT/LON1/LON2/DLON/H
   45   52   59   66   74   83   93  102  108  110  108  105  101   99   98   98
   99  100  102  103  103  104  106  109  112  114  112  106   97   86   75   65
   59   58   64   73   83   90   93   93   90   86   80   72   65   59   55   54
   55   54   53   51   49   49   51   52   53   52   51   51   52   52   50   45
   40   35   31   30   30   32   35   39   45
    40.0-180.0 180.0   5.0 450.0                            LAT/LON1/LON2/DLON/H
   46   54   62   69   75   83   92  101  109  114  115  114  112  111  110  110
  110  111  112  113  114  115  117  121  124  124  120  111  100   87   76   66
   62   64   72   82   92   98   99   96   92   87   82   75   67   62   59   60
   61   61   59   55   51   48   48   48   49   48   48   49   50   50   48   44
   37   32   28   27   27   29   32   38   46
    37.5-180.0 180.0   5.0 450.0                            LAT/LON1/LON2/DLON/H
   47   57   66   71   75   81   89   99  109  117  121  123  124  124  124  124
  123  123  123  123  123  124  126  129  132  131  124  114  101   88   77   69
   66   70   79   90   99  103  101   97   93   88   83   77   69   64   62   63
   65   66   63   57   51   46   44   44   44   44   45   46   48   49   47   41
   35   29   26   25   25   26   30   37   47
    35.0-180.0 180.0   5.0 450.0                            LAT/LON1/LON2/DLON/H
   48   60   70   74   76   78   84   95  107  118  126  131  134  137  139  138
  137  135  133  132  131  130  131  133  134  132  125  114  101   89   80   74
   73   77   87   97  104  106  103   97   93   89   85   79   72   66   63   64
   67   68   65   59   51   45   41   40   40   41   42   44   46   47   45   39
   33   28   25   24   24   25   29   37   48
    32.5-180.0 180.0   5.0 450.0                            LAT/LON1/LON2/DLON/H
   49   63   73   76   76   75   80   90  104  117  128  136  143  148  151  151
  149  145  142  139  136  133  132  132  131  128  122  112  102   93   86   83
   83   87   96  104  109  108  103   97   93   91   89   83   75   68   63   63
   66   67   65   59   51   44   39   38   38   39   41   43   45   45   43   38
   32   28   26   26   26   26   29   37   49
    30.0-180.0 180.0   5.0 450.0                            LAT/LON1/LON2/DLON/H
   51   64   75   78   77   74   77   86  100  115  127  137  146  154  159  160
  157  152  148  144  139  133  128  125  124  121  116  109  104  100   97   96
   96  100  106  112  114  111  104   98   95   94   93   88   79   69   63   60
   62   63   63   58   51   44   40   38   38   39   41   42   44   44   41   37
   32   29   29   29   29   29   31   38   51
    27.5-180.0 180.0   5.0 450.0                            LAT/LON1/LON2/DLON/H
   52   65   76   81   79   75   76   84   97  111  123  134  144  154  161  163
  160  154  150  145  138  130  123  117  114  112  110  108  108  110  111  112
  112  115  118  121  120  114  105   99   97   98   98   92   82   71   61   57
   57   58   59   57   52   46   41   39   40   41   42   43   43   42   40   36
   32   31   32   34   34   33   34   40   52
    25.0-180.0 180.0   5.0 450.0                            LAT/LON1/LON2/DLON/H
   53   66   77   83   82   79   79   85   96  108  119  128  137  148  156  159
  157  152  147  142  135  126  116  109  106  105  106  110  116  123  128  130
  129  129  129  128  124  116  107  100   99  101  101   95   85   71   60   53
   51   53   55   55   53   48   43   41   42   43   43   42   41   40   38   35
   33   33   35   38   38   38   38   43   53
    22.5-180.0 180.0   5.0 450.0                            LAT/LON1/LON2/DLON/H
   55   67   78   86   88   87   86   90   98  108  115  121  128  138  147  151
  149  144  140  137  131  122  112  105  102  103  108  117  127  138  145  147
  144  141  138  134  127  118  108  102  100  101  101   96   85   71   58   49
   46   47   51   53   52   48   44   42   42   43   42   41   39   37   35   33
   32   33   36   39   40   41   42   47   55
    20.0-180.0 180.0   5.0 450.0                            LAT/LON1/LON2/DLON/H
   59   69   80   90   95   97   97  100  106  112  115  117  120  128  136  141
  139  135  132  131  127  120  112  106  105  109  117  129  142  155  162  162
  156  149  143  137  128  118  109  102  100  100   98   93   82   69   56   46
   42   42   46   50   50   47   43   41   41   41   40   37   35   33   31   30
   30   32   34   37   40   42   45   51   59
    17.5-180.0 180.0   5.0 450.0                            LAT/LON1/LON2/DLON/H
   63   72   83   94  104  109  111  114  118  122  121  118  117  121  128  132
  131  127  125  126  125  121  116  114  116  122  133  146  160  172  177  174
  165  154  145  137  128  118  109  102   99   97   93   88   78   67   55   45
   40   40   43   46   46   43   39   37   36   37   36   33   30   28   27   26
   27   28   31   33   35   40   47   55   63
    15.0-180.0 180.0   5.0 450.0                            LAT/LON1/LON2/DLON/H
   68   77   87  100  112  122  127  131  135  137  133  126  121  121  126  130
  128  124  122  124  126  126  126  128  134  143  154  167  181  190  191  184
  170  157  145  136  127  118  109  103   97   93   87   81   73   64   55   46
   41   39   40   42   42   38   34   31   31   31   30   28   25   23   21   21
   22   25   26   28   30   36   47   59   68
    12.5-180.0 180.0   5.0 450.0                            LAT/LON1/LON2/DLON/H
   75   83   92  105  120  133  142  148  154  156  151  141  132  130  133  135
  132  128  126  128  133  136  141  148  158  169  180  191  201  207  205  193
  176  159  146  136  127  119  112  105   97   90   83   75   69   63   56   50
   44   41   40   39   37   33   28   26   25   26   26   25   22   20   17   17
   20   23   25   25   25   32   46   62   75
    10.0-180.0 180.0   5.0 450.0                            LAT/LON1/LON2/DLON/H
   81   90   98  110  128  144  156  165  173  177  173  161  150  145  147  148
  145  140  138  140  145  151  159  171  185  197  207  215  222  224  219  203
  184  165  150  140  131  124  117  109  100   90   81   73   68   64   60   56
   51   46   42   39   34   29   25   22   21   22   23   24   22   19   16   16
   21   28   31   28   25   30   46   66   81
     7.5-180.0 180.0   5.0 450.0                            LAT/LON1/LON2/DLON/H
   87   96  104  116  134  152  167  180  190  197  194  183  171  165  166  168
  165  160  157  158  162  169  180  195  211  224  231  237  241  241  234  217
  196  176  161  149  141  133  126  118  107   95   84   76   71   69   68   65
   61   55   48   41   35   29   25   21   20   20   23   26   27   23   19   19
   28   39   45   40   32   32   46   68   87
     5.0-180.0 180.0   5.0 450.0                            LAT/LON1/LON2/DLON/H
   91  102  109  121  139  159  177  191  204  213  212  202  191  186  188  190
  188  184  180  180  183  190  202  218  235  246  252  255  258  258  250  234
  214  194  178  165  156  147  139  130  118  105   93   84   79   78   78   78
   74   67   57   48   40   34   29   25   22   22   27   33   35   32   26   28
   41   59   69   62   47   39   49   71   91
     2.5-180.0 180.0   5.0 450.0                            LAT/LON1/LON2/DLON/H
   94  107  114  126  144  165  184  201  215  224  225  217  208  204  207  211
  211  208  206  205  207  211  222  238  254  264  268  269  272  273  268  254
  235  216  200  187  175  165  155  145  132  119  106   97   92   91   92   91
   88   80   68   57   47   42   37   32   27   27   33   42   47   44   38   41
   60   86  100   93   69   51   53   72   94
