data/电离层参数/2024-01-23/TEC(buag)-2020.01.05-2020.01.06.txt
     1.0            IONOSPHERE MAPS     GNSS                IONEX VERSION / TYPE
IRIS V2.0           IRIS                25-Apr-21 02:07     PGM / RUN BY / DATE 
BUAA'S GLOBAL IONOSPHERE MAPS FOR DAY 005, 2020             COMMENT             
Contact address: Cheng WANG, acheng@buaa.edu.cn             DESCRIPTION         
Web page:        http://ionosphere.cn                       DESCRIPTION         
Advanced Ionosphere Labs at Beihang University              COMMENT             
Prima V1.0 from AI Labs @BUAA                               COMMENT             
  2020     1     5     0     0     0                        EPOCH OF FIRST MAP  
  2020     1     6     0     0     0                        EPOCH OF LAST MAP  
  3600                                                      INTERVAL            
    25                                                      # OF MAPS IN FILE   
  MSLM                                                      MAPPING FUNCTION    
Two-way carrier phase leveled to code                       OBSERVABLES USED    
   280                                                      # OF STATIONS       
    32                                                      # OF SATELLITES     
  6371.0                                                    BASE RADIUS         
     2                                                      MAP DIMENSION       
   450.0 450.0   0.0                                        HGT1 / HGT2 / DHGT  
    87.5 -87.5  -2.5                                        LAT1 / LAT2 / DLAT  
  -180.0 180.0   5.0                                        LON1 / LON2 / DLON  
    -1                                                      EXPONENT            
TEC/RMS values in 0.1 TECU; 9999, if no value available     COMMENT             
List of stations:                                           COMMENT             
abmf abpo adis aira albh algo alic ankr areq artu aspa auck COMMENT             
azu1 badg baie bake bako bamf barh bill bjco bjfs blyt bogt COMMENT             
bor1 braz brew brft brmu brst brux bshm bucu bzrg cags cas1 COMMENT             
ccj2 cedu chan chil chpi chti chum chur chwk cit1 ckis cmp9 COMMENT             
cnmr cord coso crfp cro1 cusv daej darw dav1 dear dgar dhlg COMMENT             
drao dubo dund escu faa1 fair falk ffmj flin flrs frdn func COMMENT             
geno glps glsv gmsd gode godz gol2 gold gope guam guat hers COMMENT             
hert hlfx hnpt hnus hob2 hofn holb hrao hueg hyde ieng iisc COMMENT             
invk iqal iqqe irkj irkm isba ista joz2 joze jplm karr kat1 COMMENT             
kerg kgni kir0 kiri kiru kokb kokv kouc kour lama laut lbch COMMENT             
leij lhaz lhcl lmmf lpal lroc mac1 mad2 madr mal2 mana mar6 COMMENT             
mas1 mat1 mate maw1 mbar mcil mcm4 mdvj medi mfkg mgue mikl COMMENT             
mkea mobj mobk mobn mobs monp morp mqzg mtka nano naur newl COMMENT             
nico nist nium nklg nlib nnor novm nrc1 nril nvsk nyal ohi2 COMMENT             
ohi3 opmt orid pado palm parc park pdel penc pert pets pgc5 COMMENT             
picl pie1 pimo pin1 pngm pohn pol2 polv pove prds ptbb qaq1 COMMENT             
quin ramo redu reun reyk riga riop rock roth salu samo sant COMMENT             
sask savo sbok sch2 scip scor sfdm sfer she2 smst sofi spk1 COMMENT             
spt0 ssia sthl stjo stk2 str1 str2 sulp suth suwn svtl sydn COMMENT             
syog tabl tdou thti thu2 tid1 tidb tixi tlse tong torp tow2 COMMENT             
trak tro1 tsk2 tskb tubi tukt twtf uclu ufpr uldi unbj usud COMMENT             
vacs vald vill vis0 vndp wab2 warn wgtn whc1 whit widc will COMMENT             
wlsn wroc wtza wtzr wtzs wtzz xmis yar3 yarr yebe yell ykro COMMENT             
zamb zeck zim2 zimm                                         COMMENT             
                                                            END OF HEADER       
[from data line 2574]
     7                                                      START OF TEC MAP    
  2020     1     5     6     0     0                        EPOCH OF CURRENT MAP
    87.5-180.0 180.0   5.0 450.0                            LAT/LON1/LON2/DLON/H
   19   19   19   19   19   19   19   19   19   19   20   20   20   20   20   20
   20   20   20   20   20   20   20   20   20   21   21   21   21   21   22   22
   22   22   23   23   23   23   24   24   24   24   24   24   24   24   24   24
   24   24   23   23   23   23   22   22   22   22   21   21   21   21   20   20
   20   20   19   19   19   19   19   19   19
    85.0-180.0 180.0   5.0 450.0                            LAT/LON1/LON2/DLON/H
   17   17   18   18   19   19   19   20   20   20   21   21   21   21   21   20
   20   20   19   19   19   19   19   19   19   19   19   19   20   20   21   22
   22   23   24   24   25   26   26   26   27   27   27   27   27   27   27   26
   26   26   26   25   25   25   24   24   23   23   22   21   21   20   20   19
   18   18   18   17   17   17   17   17   17
    82.5-180.0 180.0   5.0 450.0                            LAT/LON1/LON2/DLON/H
   16   17   18   18   20   21   22   22   23   24   24   24   24   24   23   23
   22   21   20   19   18   17   17   16   16   16   16   17   17   18   20   21
   22   23   25   26   27   27   28   28   29   29   29   29   28   28   28   28
   27   27   27   27   27   27   26   26   25   25   24   23   22   21   20   19
   18   17   16   16   15   15   15   15   16
    80.0-180.0 180.0   5.0 450.0                            LAT/LON1/LON2/DLON/H
   16   17   18   20   22   24   25   27   28   29   29   30   29   29   28   27
   25   23   22   20   18   16   15   14   13   13   13   14   15   16   18   19
   21   23   25   26   27   28   29   29   29   29   28   28   27   27   27   27
   27   27   27   28   28   28   29   29   29   28   28   27   26   24   23   21
   20   18   17   15   15   14   14   15   16
    77.5-180.0 180.0   5.0 450.0                            LAT/LON1/LON2/DLON/H
   16   18   20   22   25   27   29   31   33   34   35   35   35   34   33   31
   29   27   24   22   19   17   15   13   12   11   11   11   13   14   16   18
   21   23   25   26   27   28   28   28   28   27   26   25   24   24   23   24
   24   25   26   28   29   31   32   33   33   34   33   33   31   30   28   25
   23   21   18   17   15   15   14   15   16
    75.0-180.0 180.0   5.0 450.0                            LAT/LON1/LON2/DLON/H
   17   19   22   25   28   31   33   35   37   38   39   39   38   38   36   35
   33   31   28   25   22   19   16   14   12   11   11   11   12   14   16   18
   20   23   24   26   26   27   26   25   24   23   22   20   19   19   19   20
   21   23   25   28   30   33   35   37   39   40   40   39   38   36   33   31
   28   25   22   19   17   16   15   16   17
    72.5-180.0 180.0   5.0 450.0                            LAT/LON1/LON2/DLON/H
   19   21   24   27   31   33   36   38   39   40   40   40   40   39   38   37
   36   34   32   29   26   23   20   17   15   13   12   12   13   14   16   18
   20   22   23   24   24   24   23   21   20   18   17   16   15   15   16   17
   19   22   25   29   33   36   40   42   44   45   45   45   43   41   39   36
   32   29   25   22   19   18   17   18   19
    70.0-180.0 180.0   5.0 450.0                            LAT/LON1/LON2/DLON/H
   21   24   27   30   33   35   37   39   39   40   39   39   38   38   38   37
   37   36   34   33   30   27   24   21   18   16   15   15   15   16   17   18
   19   20   21   21   20   20   18   17   15   14   13   12   12   13   15   17
   20   23   27   32   36   40   44   46   48   49   49   48   47   45   42   39
   36   32   28   25   22   20   19   19   21
    67.5-180.0 180.0   5.0 450.0                            LAT/LON1/LON2/DLON/H
   23   25   28   31   34   36   37   38   38   38   37   36   35   35   35   35
   36   36   36   35   33   30   27   24   21   19   18   17   17   17   17   18
   18   18   17   17   16   15   13   12   11   11   11   11   12   14   17   20
   23   27   31   36   40   44   48   50   51   51   50   49   47   45   43   41
   38   34   31   27   24   21   21   21   23
    65.0-180.0 180.0   5.0 450.0                            LAT/LON1/LON2/DLON/H
   25   27   30   32   34   36   37   37   36   35   34   33   32   31   31   32
   33   34   35   35   34   31   29   26   23   21   19   18   18   17   17   16
   15   14   13   12   11   10    9    8    8    9   11   13   15   19   22   25
   29   33   37   41   45   48   51   52   52   51   49   47   45   43   42   40
   38   35   32   29   25   23   22   23   25
    62.5-180.0 180.0   5.0 450.0                            LAT/LON1/LON2/DLON/H
   27   29   31   33   34   35   35   35   35   34   32   30   28   27   27   28
   29   31   32   32   31   29   27   24   22   20   18   18   17   16   15   14
   12   11    9    8    7    6    6    6    7    9   12   16   21   25   29   32
   36   39   42   46   49   52   54   54   53   50   47   44   42   40   39   39
   38   36   34   31   28   25   25   25   27
    60.0-180.0 180.0   5.0 450.0                            LAT/LON1/LON2/DLON/H
   30   31   32   33   33   34   34   34   34   33   32   29   27   25   23   23
   24   26   27   27   26   24   22   20   18   16   16   15   15   14   12   11
    9    7    6    5    5    4    5    5    7   11   15   21   27   32   36   40
   42   45   47   50   52   55   56   56   53   50   46   42   39   38   38   39
   39   38   36   34   31   29   28   28   30
    57.5-180.0 180.0   5.0 450.0                            LAT/LON1/LON2/DLON/H
   33   34   34   33   33   32   33   34   34   34   33   30   27   23   21   20
   20   21   21   21   20   18   16   13   12   11   11   12   11   11   10    8
    7    6    5    5    5    5    6    7    9   13   19   25   32   38   43   46
   48   49   50   52   55   57   58   58   56   51   47   42   40   39   39   41
   42   42   41   39   37   35   33   33   33
    55.0-180.0 180.0   5.0 450.0                            LAT/LON1/LON2/DLON/H
   39   37   35   33   32   31   32   34   36   36   35   32   28   24   20   18
   17   17   16   16   14   12    9    8    7    7    8    8    9    9    8    7
    7    7    7    7    8    9    9   10   13   17   22   29   37   43   48   50
   51   52   53   54   57   59   61   62   60   56   51   47   44   43   44   46
   48   49   48   47   44   42   41   40   39
    52.5-180.0 180.0   5.0 450.0                            LAT/LON1/LON2/DLON/H
   45   42   38   34   32   31   32   35   38   39   38   35   30   26   21   18
   16   15   14   13   11    8    6    5    5    6    7    7    8    8    8    9
    9   10   11   13   14   15   15   16   18   21   26   33   40   46   51   53
   54   54   54   56   59   62   65   66   65   63   59   55   52   51   52   54
   56   57   57   56   54   51   49   47   45
    50.0-180.0 180.0   5.0 450.0                            LAT/LON1/LON2/DLON/H
   51   47   41   36   33   32   34   37   40   42   41   38   34   29   25   22
   19   18   16   14   12   10    8    7    7    8    9   10   10   10   11   12
   14   16   18   20   22   23   23   24   24   26   30   36   43   49   53   55
   56   57   58   59   62   66   69   72   72   71   68   65   63   61   61   62
   64   65   66   65   63   61   58   55   51
    47.5-180.0 180.0   5.0 450.0                            LAT/LON1/LON2/DLON/H
   57   51   44   38   35   34   36   40   43   45   44   42   38   34   31   29
   27   25   23   21   19   17   16   15   15   15   15   15   15   15   16   18
   20   23   26   28   31   32   33   32   32   33   36   41   46   52   56   59
   61   62   63   65   67   71   74   77   79   79   77   75   73   71   70   70
   71   72   73   72   71   69   66   63   57
    45.0-180.0 180.0   5.0 450.0                            LAT/LON1/LON2/DLON/H
   62   55   48   42   38   38   40   43   46   48   48   46   44   42   41   40
   39   37   36   34   33   31   30   28   28   27   25   24   22   22   22   25
   27   30   33   36   39   41   42   42   42   42   44   47   51   56   60   64
   67   69   71   72   74   76   79   82   84   85   85   83   81   79   77   76
   75   76   77   77   77   75   72   68   62
    42.5-180.0 180.0   5.0 450.0                            LAT/LON1/LON2/DLON/H
   65   58   50   45   42   42   45   48   51   52   53   53   54   54   55   55
   55   54   53   52   51   49   48   46   43   40   37   34   31   29   30   31
   34   36   39   42   46   49   51   51   51   51   53   55   58   62   66   71
   75   79   81   82   82   83   84   86   88   89   89   89   87   84   81   79
   77   77   78   79   79   78   75   71   65
    40.0-180.0 180.0   5.0 450.0                            LAT/LON1/LON2/DLON/H
   65   59   53   48   46   47   49   52   55   58   60   63   66   69   72   74
   74   74   73   72   72   70   68   64   59   54   49   43   39   37   36   37
   39   41   43   46   50   54   57   59   60   61   62   63   65   68   73   79
   84   89   92   92   90   89   89   90   91   92   92   92   90   88   84   81
   78   78   79   80   80   79   76   71   65
    37.5-180.0 180.0   5.0 450.0                            LAT/LON1/LON2/DLON/H
   65   59   54   51   50   51   53   56   59   63   68   74   80   86   91   94
   94   94   93   93   93   91   87   81   73   65   58   51   46   43   42   42
   43   43   45   48   52   57   61   65   67   69   70   71   73   76   80   87
   93   99  101  100   98   95   93   94   95   96   96   95   94   92   89   85
   82   81   81   81   81   78   75   70   65
    35.0-180.0 180.0   5.0 450.0                            LAT/LON1/LON2/DLON/H
   64   59   56   54   53   54   55   58   62   68   76   86   95  104  110  113
  112  111  110  111  111  109  103   94   83   72   63   57   52   48   47   46
   45   44   44   47   51   57   62   67   71   75   77   78   79   82   87   94
  101  106  108  106  103  100   99  100  101  102  102  101  101  100   98   95
   91   89   88   87   84   80   74   69   64
    32.5-180.0 180.0   5.0 450.0                            LAT/LON1/LON2/DLON/H
   64   60   58   56   56   55   55   57   63   72   84   96  108  118  124  127
  126  123  122  123  124  122  114  101   87   75   65   59   55   52   50   48
   46   44   43   45   49   55   60   66   72   78   82   84   85   87   92   99
  106  110  111  109  106  105  106  109  113  114  114  113  113  114  114  112
  108  105  102   98   92   84   77   70   64
    30.0-180.0 180.0   5.0 450.0                            LAT/LON1/LON2/DLON/H
   68   63   61   59   58   56   55   56   62   73   88  103  117  127  132  134
  132  129  128  129  131  128  118  103   86   73   64   59   57   55   53   50
   46   43   41   43   46   51   57   63   71   79   85   87   89   92   97  103
  109  112  112  110  109  110  115  122  129  132  132  131  132  135  137  136
  133  129  124  116  106   95   83   74   68
    27.5-180.0 180.0   5.0 450.0                            LAT/LON1/LON2/DLON/H
   74   69   65   63   61   58   54   54   61   73   89  106  119  128  133  133
  130  127  126  128  130  127  117  100   82   68   60   58   58   57   55   51
   46   42   40   41   43   47   52   60   70   80   87   91   94   97  102  107
  111  112  112  111  112  117  127  139  149  155  155  155  157  161  165  166
  163  158  151  140  126  110   95   83   74
    25.0-180.0 180.0   5.0 450.0                            LAT/LON1/LON2/DLON/H
   84   76   72   69   66   61   56   55   60   72   88  103  115  122  126  125
  122  119  118  120  123  121  111   93   75   62   57   57   59   59   57   52
   47   42   40   40   41   43   48   57   69   82   92   97  100  103  108  112
  114  114  113  113  117  126  141  158  172  180  181  181  183  189  194  196
  195  189  180  167  149  130  111   95   84
    22.5-180.0 180.0   5.0 450.0                            LAT/LON1/LON2/DLON/H
   96   86   80   76   73   67   61   58   61   71   84   97  106  111  113  113
  110  107  106  109  112  111  101   85   68   57   55   58   61   61   58   52
   46   41   39   39   39   41   46   56   72   88   99  105  108  112  117  120
  120  118  117  119  126  138  156  177  195  205  207  206  208  213  220  222
  221  216  206  192  173  151  129  111   96
    20.0-180.0 180.0   5.0 450.0                            LAT/LON1/LON2/DLON/H
  110   97   89   84   81   77   71   66   66   72   81   89   94   97   99   99
   97   95   94   96  100   99   90   76   62   55   55   60   64   64   59   52
   45   41   39   39   39   40   46   59   78   97  110  116  118  122  127  129
  128  125  124  129  138  152  172  195  214  225  227  225  226  231  237  239
  238  233  225  212  194  171  148  128  110
    17.5-180.0 180.0   5.0 450.0                            LAT/LON1/LON2/DLON/H
  124  108   98   93   91   89   83   77   74   75   79   83   85   85   86   87
   87   85   85   86   88   87   81   69   59   55   58   64   68   66   59   51
   44   40   39   39   39   41   49   65   88  109  123  128  130  134  139  140
  138  135  136  142  153  167  186  209  228  239  240  236  235  238  243  245
  244  240  235  224  208  188  166  144  124
    15.0-180.0 180.0   5.0 450.0                            LAT/LON1/LON2/DLON/H
  138  119  106  101  101  101   97   90   84   81   80   80   79   78   78   80
   81   81   80   80   80   78   73   64   58   58   64   70   72   67   58   48
   42   39   38   39   40   44   54   73  100  123  137  140  142  145  150  152
  149  146  148  157  168  182  198  218  236  246  245  239  235  236  239  240
  239  237  234  228  216  199  180  159  138
    12.5-180.0 180.0   5.0 450.0                            LAT/LON1/LON2/DLON/H
  150  129  114  108  109  110  108  102   94   87   83   80   78   76   77   79
   81   81   80   79   76   73   68   62   60   63   71   77   76   68   56   46
   40   38   39   41   43   47   60   82  111  135  148  150  150  154  159  161
  158  156  160  171  183  194  207  223  239  246  244  236  230  229  229  229
  227  227  227  225  218  206  190  172  150
    10.0-180.0 180.0   5.0 450.0                            LAT/LON1/LON2/DLON/H
  162  139  122  113  113  116  116  110  101   93   87   84   82   80   81   82
   85   86   85   82   78   72   66   62   63   69   78   82   78   67   54   44
   39   38   40   43   46   52   66   90  119  143  154  155  154  159  165  167
  165  163  169  181  193  202  212  225  238  244  239  230  223  221  220  217
  215  215  217  219  216  209  198  182  162
     7.5-180.0 180.0   5.0 450.0                            LAT/LON1/LON2/DLON/H
  173  150  129  118  116  118  118  112  103   95   91   89   88   88   87   88
   91   93   93   89   82   74   67   64   66   74   82   85   78   65   52   42
   39   40   43   46   49   56   71   94  122  144  154  154  154  160  167  170
  168  167  173  186  198  206  214  225  236  241  236  227  220  217  215  212
  209  208  211  213  213  210  203  191  173
     5.0-180.0 180.0   5.0 450.0                            LAT/LON1/LON2/DLON/H
  183  160  138  123  117  117  115  109  101   94   91   92   94   95   94   93
   95   99  100   96   88   77   69   65   69   77   84   85   76   62   49   42
   41   44   47   50   53   60   73   95  120  140  148  149  150  158  166  170
  168  166  173  185  197  206  214  225  236  241  237  230  225  224  222  217
  212  210  211  212  211  210  206  199  183
     2.5-180.0 180.0   5.0 450.0                            LAT/LON1/LON2/DLON/H
  192  171  148  129  119  114  110  103   95   89   89   94   98  100   98   95
   97  101  104  101   92   81   71   67   70   77   83   81   71   58   47   43
   45   48   51   53   56   62   74   92  113  130  139  142  146  155  164  168
  165  163  167  179  191  201  211  225  238  245  245  241  240  241  239  234
  227  222  219  216  213  210  209  204  192
