data/电离层参数/2024-01-23/TEC(buag)-2021.01.21-2021.01.22.txt
     1.0            IONOSPHERE MAPS     GNSS                IONEX VERSION / TYPE
IRIS V2.0           IRIS                20-Aug-21 09:09     PGM / RUN BY / DATE 
BUAA'S GLOBAL IONOSPHERE MAPS FOR DAY 021, 2021             COMMENT             
Contact address: Cheng WANG, acheng@buaa.edu.cn             DESCRIPTION         
Web page:        http://ionosphere.cn                       DESCRIPTION         
STAR Labs at Beihang University                             COMMENT             
FLASH Pro from STAR Labs @BUAA                              COMMENT             
  2021     1    21     0     0     0                        EPOCH OF FIRST MAP  
  2021     1    22     0     0     0                        EPOCH OF LAST MAP  
  3600                                                      INTERVAL            
    25                                                      # OF MAPS IN FILE   
  MSLM                                                      MAPPING FUNCTION    
Two-way carrier phase leveled to code                       OBSERVABLES USED    
   234                                                      # OF STATIONS       
    31                                                      # OF SATELLITES     
  6371.0                                                    BASE RADIUS         
     2                                                      MAP DIMENSION       
   450.0 450.0   0.0                                        HGT1 / HGT2 / DHGT  
    87.5 -87.5  -2.5                                        LAT1 / LAT2 / DLAT  
  -180.0 180.0   5.0                                        LON1 / LON2 / DLON  
    -1                                                      EXPONENT            
TEC/RMS values in 0.1 TECU; 9999, if no value available     COMMENT             
List of stations:                                           COMMENT             
abmf abpo adis aira ajac albh alg3 algo ankr antc areg areq COMMENT             
artu aruc ascg auck baie bake bako bamf bcov bill bjfs blyt COMMENT             
bogt bor1 brew brst cags ccj2 chil chpg chpi chti chu2 chum COMMENT             
chur chwk cit1 clrs cmp9 cnmr coso crfp cro1 cusv daej dgar COMMENT             
dhlg djig dra3 dra4 drag drao dubo dund eliz escu eur2 fair COMMENT             
falk ffmj flin frdn glps glsv gmsd gode godz gol2 gold gope COMMENT             
grac gras guam guat guug hers hert hlfx hnlc holb hrao hueg COMMENT             
ieng iisc invk iqal iqqe irkj irkm isba ista jfng joz2 joze COMMENT             
jplm kgni kokb kokv krgg lama lbch leij lmmf lovj lroc mad2 COMMENT             
madr mag0 mars maui mayg mbar mcm4 mdo1 mdvj metg mikl mkea COMMENT             
mobj mobk mobn monp morp mqzg mtka nano nico nist nklg nlib COMMENT             
novm nrc1 nril ntka nvsk nya1 nyal ohi2 opmt orid palm parc COMMENT             
penc pets picl pie1 pimo pin1 pol2 polv prd2 prd3 prds ptag COMMENT             
ptal ptbb ptgg ptrf qaq1 quad quin rabt ramo rbay rdsd reun COMMENT             
rgdg riga riop rock sask sc04 sch2 scor seyg sfdm shao she2 COMMENT             
smst sofi ssia sthl stj2 stjo stk2 suth svtl syog tabl tfno COMMENT             
thtg thti thu2 tidb tit2 tixg tixi tlse tlsg tnml trak tro1 COMMENT             
tsk2 tskb tubi tukt uclu unbj usn7 usud vacs vald vndp wab2 COMMENT             
wark warn wgtn whc1 whit widc will wroc wtza yakt yel3 yell COMMENT             
ykro yssk zamb zeck zim2 zimm                               COMMENT             
                                                            END OF HEADER       
[from data line 4290]
    11                                                      START OF TEC MAP    
  2021     1    21    10     0     0                        EPOCH OF CURRENT MAP
    87.5-180.0 180.0   5.0 450.0                            LAT/LON1/LON2/DLON/H
   17   17   17   17   17   16   16   16   16   16   16   16   15   15   15   15
   15   15   15   15   15   15   16   16   16   16   16   16   17   17   17   17
   17   18   18   18   18   18   18   18   18   18   18   18   18   18   18   18
   18   17   17   17   17   17   17   17   17   17   17   17   17   17   17   17
   17   17   17   17   17   17   17   17   17
    85.0-180.0 180.0   5.0 450.0                            LAT/LON1/LON2/DLON/H
   17   17   17   17   17   16   16   15   15   14   14   13   13   12   12   12
   11   11   11   11   12   12   12   13   13   14   14   15   15   16   17   17
   17   18   18   18   19   19   19   19   18   18   18   18   17   17   17   17
   16   16   16   16   15   15   15   15   15   15   15   15   15   16   16   16
   16   16   17   17   17   17   17   17   17
    82.5-180.0 180.0   5.0 450.0                            LAT/LON1/LON2/DLON/H
   18   18   18   18   17   17   16   15   14   13   12   11   10    9    8    8
    7    7    7    7    8    8    9   10   10   11   12   13   14   15   16   17
   17   18   18   19   19   19   19   19   18   18   18   17   17   16   16   15
   15   14   14   14   13   13   13   13   13   13   13   13   13   14   14   15
   15   16   16   17   17   18   18   18   18
    80.0-180.0 180.0   5.0 450.0                            LAT/LON1/LON2/DLON/H
   20   20   20   20   19   18   17   16   14   13   11    9    8    7    6    5
    5    5    5    5    6    6    7    8    9   10   11   12   13   15   16   17
   18   18   19   19   19   19   19   19   18   18   17   17   16   16   15   15
   14   14   13   13   13   12   12   12   12   12   12   12   13   13   13   14
   14   15   16   17   17   18   19   20   20
    77.5-180.0 180.0   5.0 450.0                            LAT/LON1/LON2/DLON/H
   22   22   23   22   22   21   19   17   15   13   11    9    8    6    5    5
    5    5    6    6    7    8    8    9   10   11   11   12   13   15   16   17
   18   19   19   20   20   20   20   20   19   19   19   18   18   17   17   17
   16   16   15   15   14   14   14   14   13   13   13   13   13   13   14   14
   15   15   16   17   18   19   20   21   22
    75.0-180.0 180.0   5.0 450.0                            LAT/LON1/LON2/DLON/H
   23   24   24   24   24   23   21   19   17   14   12   10    9    8    7    8
    8    9   10   11   12   12   13   13   13   13   13   14   14   15   16   17
   18   19   20   21   21   22   22   22   22   22   22   22   22   22   22   22
   22   21   21   20   19   18   18   17   17   16   16   16   16   16   16   16
   16   16   17   18   18   19   21   22   23
    72.5-180.0 180.0   5.0 450.0                            LAT/LON1/LON2/DLON/H
   23   24   24   25   25   24   22   20   18   15   13   12   10   10   11   12
   13   15   17   18   19   19   19   18   18   17   16   16   16   16   17   18
   19   20   21   22   23   24   25   26   27   27   28   29   30   31   31   31
   31   30   28   27   25   24   23   22   21   21   20   20   19   19   19   18
   18   18   18   18   19   19   20   21   23
    70.0-180.0 180.0   5.0 450.0                            LAT/LON1/LON2/DLON/H
   21   22   23   24   24   23   22   20   18   16   14   13   12   13   14   16
   19   21   23   25   26   26   25   24   22   20   18   17   17   17   17   18
   20   21   23   24   26   27   29   31   33   35   37   39   41   42   42   42
   41   40   37   35   32   30   28   26   25   24   24   23   23   22   22   21
   21   20   20   19   19   19   19   20   21
    67.5-180.0 180.0   5.0 450.0                            LAT/LON1/LON2/DLON/H
   18   19   20   21   21   21   20   19   17   15   13   13   13   14   16   19
   22   26   28   30   31   30   29   27   24   22   20   18   17   17   18   19
   21   22   24   26   29   31   34   37   40   44   47   50   52   54   54   54
   52   49   46   42   38   34   31   29   28   27   26   25   25   24   24   23
   22   22   21   20   19   18   17   17   18
    65.0-180.0 180.0   5.0 450.0                            LAT/LON1/LON2/DLON/H
   14   15   16   18   19   19   18   17   15   14   12   12   13   14   17   20
   23   27   29   31   31   30   29   26   24   21   19   17   17   17   18   20
   22   24   26   28   32   35   39   43   48   52   56   59   62   64   64   64
   61   57   53   47   42   37   33   30   28   27   26   26   25   24   24   23
   23   23   22   20   19   17   15   14   14
    62.5-180.0 180.0   5.0 450.0                            LAT/LON1/LON2/DLON/H
   12   12   14   15   17   17   17   16   14   13   11   11   11   13   15   18
   21   24   26   27   27   26   24   22   20   18   16   15   16   17   19   21
   23   25   28   31   34   39   44   49   54   59   63   66   69   71   71   70
   67   63   57   50   44   38   33   30   28   27   26   25   24   23   22   22
   23   23   22   21   19   16   14   12   12
    60.0-180.0 180.0   5.0 450.0                            LAT/LON1/LON2/DLON/H
   12   12   14   15   17   18   17   16   15   13   11   10   10   11   13   15
   17   18   19   19   19   18   16   15   14   13   13   13   15   18   21   23
   25   27   30   33   37   42   48   53   59   63   67   70   73   74   74   73
   70   65   59   52   45   39   34   31   29   27   26   24   23   21   20   21
   21   22   23   22   20   17   14   12   12
    57.5-180.0 180.0   5.0 450.0                            LAT/LON1/LON2/DLON/H
   14   15   17   19   20   21   21   19   17   15   13   11   10   10   11   12
   13   13   12   11   10    9    8    8    8    8   10   13   16   20   24   27
   29   31   33   36   40   45   51   57   62   66   69   71   73   73   73   72
   70   66   60   54   47   41   37   34   32   30   28   26   23   20   19   19
   20   22   23   23   21   19   16   14   14
    55.0-180.0 180.0   5.0 450.0                            LAT/LON1/LON2/DLON/H
   20   21   24   26   27   27   27   25   22   19   16   14   12   11   10   10
   10    9    8    6    4    3    2    3    5    7   10   15   20   25   30   33
   35   36   37   40   44   50   56   61   65   68   70   71   72   71   70   70
   68   66   63   58   52   47   42   40   38   36   34   30   26   22   20   20
   21   23   24   25   24   22   20   19   20
    52.5-180.0 180.0   5.0 450.0                            LAT/LON1/LON2/DLON/H
   27   30   33   35   36   36   35   32   29   26   23   19   16   14   12   12
   11   10    9    6    4    3    2    4    6   10   15   20   26   32   37   41
   42   42   43   46   50   56   62   66   69   72   73   73   71   70   68   68
   68   67   66   63   59   54   51   49   47   46   42   38   32   27   23   22
   23   25   27   28   27   25   25   25   27
    50.0-180.0 180.0   5.0 450.0                            LAT/LON1/LON2/DLON/H
   35   39   43   45   46   45   43   41   38   34   31   26   22   19   17   16
   16   17   16   14   12   10   10   11   14   19   23   29   35   41   47   50
   50   50   51   54   59   64   70   74   76   78   78   77   75   72   69   68
   69   70   71   70   66   63   60   58   57   55   52   46   40   34   29   27
   28   29   31   31   31   30   30   32   35
    47.5-180.0 180.0   5.0 450.0                            LAT/LON1/LON2/DLON/H
   43   48   51   54   54   53   51   48   46   43   40   35   31   27   24   24
   25   27   29   28   26   24   24   25   28   32   36   40   46   51   56   59
   59   59   60   63   69   75   80   84   85   87   87   86   83   78   73   71
   72   75   77   76   74   71   68   66   65   63   59   54   47   41   36   34
   34   35   36   35   34   34   35   38   43
    45.0-180.0 180.0   5.0 450.0                            LAT/LON1/LON2/DLON/H
   48   53   57   59   59   57   56   54   53   51   49   46   41   37   34   34
   37   41   45   47   46   43   42   43   45   47   50   53   56   61   65   67
   68   68   69   74   81   88   93   96   97   99  101  100   96   88   81   77
   77   80   83   82   79   75   72   70   68   66   63   57   52   46   43   41
   41   41   41   40   38   37   39   43   48
    42.5-180.0 180.0   5.0 450.0                            LAT/LON1/LON2/DLON/H
   50   56   59   60   60   58   57   57   57   57   58   56   53   48   44   44
   49   56   63   67   66   64   62   61   62   63   63   64   65   68   71   74
   74   75   78   85   94  102  106  108  110  113  116  117  111  101   91   85
   84   86   88   87   82   77   72   69   67   64   60   56   52   48   47   46
   46   47   46   44   41   40   41   45   50
    40.0-180.0 180.0   5.0 450.0                            LAT/LON1/LON2/DLON/H
   50   54   57   57   57   56   55   56   58   62   65   67   65   60   56   55
   60   69   78   84   85   82   78   76   75   75   73   72   71   72   75   77
   79   81   86   95  105  114  119  120  122  126  132  133  127  115  102   94
   92   93   94   90   84   77   70   66   62   58   54   51   48   47   47   49
   50   51   49   46   43   41   42   45   50
    37.5-180.0 180.0   5.0 450.0                            LAT/LON1/LON2/DLON/H
   48   51   52   52   51   51   51   53   57   63   70   76   76   72   67   64
   69   78   89   97   98   94   89   85   83   81   78   75   73   73   76   79
   82   85   92  103  115  125  128  129  131  137  144  147  141  127  113  104
  101  102  101   96   87   78   70   64   58   53   48   44   43   44   46   49
   52   53   51   48   44   42   42   44   48
    35.0-180.0 180.0   5.0 450.0                            LAT/LON1/LON2/DLON/H
   44   46   46   45   45   45   45   48   53   62   73   83   87   84   77   72
   75   83   95  102  104   99   92   86   83   80   77   74   72   72   76   80
   84   88   96  109  122  132  135  135  136  143  152  156  150  136  122  114
  113  115  113  106   96   85   76   68   60   52   45   41   40   41   45   48
   52   53   52   49   45   42   41   42   44
    32.5-180.0 180.0   5.0 450.0                            LAT/LON1/LON2/DLON/H
   41   41   41   40   39   40   41   43   48   58   73   87   94   93   85   78
   78   84   94  102  102   96   88   80   76   73   71   69   68   70   75   81
   86   91   99  112  127  137  139  137  138  145  155  160  155  143  131  127
  129  133  132  124  112  101   92   82   72   61   52   46   43   44   46   49
   52   53   52   49   45   41   40   40   41
    30.0-180.0 180.0   5.0 450.0                            LAT/LON1/LON2/DLON/H
   39   38   37   36   36   37   37   38   42   53   69   87   98   99   91   82
   78   82   90   95   95   88   78   69   64   62   62   63   65   70   77   84
   90   94  102  115  130  139  140  138  138  145  155  161  157  147  140  141
  149  156  156  149  138  127  118  108   96   82   70   61   56   53   52   53
   54   55   53   50   45   41   39   39   39
    27.5-180.0 180.0   5.0 450.0                            LAT/LON1/LON2/DLON/H
   38   38   36   35   36   37   37   36   38   47   63   83   97   99   92   82
   76   77   82   86   84   76   65   55   50   50   53   57   64   72   81   90
   95   99  106  118  131  140  141  138  137  144  154  160  158  152  151  160
  173  184  186  180  170  162  154  144  130  114   99   87   78   71   66   62
   60   58   56   51   46   42   39   38   38
    25.0-180.0 180.0   5.0 450.0                            LAT/LON1/LON2/DLON/H
   40   39   37   37   38   39   40   37   36   41   56   75   90   95   89   79
   72   71   73   74   72   64   54   43   38   39   45   55   65   77   89   98
  103  105  110  121  133  142  142  139  139  146  156  162  162  160  165  180
  200  214  217  212  205  199  192  183  169  152  135  121  108   96   85   77
   71   66   61   55   48   43   40   40   40
    22.5-180.0 180.0   5.0 450.0                            LAT/LON1/LON2/DLON/H
   42   41   40   39   41   43   44   41   36   37   48   65   79   85   80   72
   66   63   64   64   61   55   45   36   30   33   42   56   71   85   98  107
  111  112  115  124  136  144  146  144  145  153  163  169  170  172  183  203
  225  241  245  241  235  232  228  220  206  189  172  157  141  124  109   95
   85   77   69   60   53   46   43   42   42
    20.0-180.0 180.0   5.0 450.0                            LAT/LON1/LON2/DLON/H
   45   44   43   42   44   47   49   46   40   36   42   54   66   71   69   63
   58   56   56   55   53   49   41   33   29   33   45   61   79   94  107  115
  118  118  120  128  139  148  151  152  156  165  175  182  184  188  201  223
  246  261  264  261  257  256  254  247  234  219  204  188  171  151  132  114
  101   90   79   69   59   51   47   45   45
    17.5-180.0 180.0   5.0 450.0                            LAT/LON1/LON2/DLON/H
   47   46   44   43   45   50   54   52   45   38   38   45   53   57   55   53
   51   50   50   49   48   47   43   37   34   38   52   70   88  103  114  120
  122  121  123  131  143  153  159  163  170  182  193  199  202  206  220  241
  261  272  273  269  267  267  266  260  249  236  224  211  193  172  150  131
  116  103   91   79   67   58   51   48   47
    15.0-180.0 180.0   5.0 450.0                            LAT/LON1/LON2/DLON/H
   50   48   44   42   44   50   57   58   51   42   37   38   42   44   43   43
   44   45   45   45   46   48   47   44   43   48   62   80   96  108  116  121
  122  122  125  134  147  158  167  176  187  201  214  220  221  225  236  253
  268  275  272  267  265  266  265  260  251  241  232  221  204  183  161  142
  127  115  102   89   76   65   57   52   50
    12.5-180.0 180.0   5.0 450.0                            LAT/LON1/LON2/DLON/H
   52   48   43   39   40   47   57   61   57   47   39   36   36   35   34   35
   39   42   43   43   46   51   54   54   54   60   72   88  101  109  113  116
  117  120  125  136  150  164  176  188  203  221  234  240  240  241  248  259
  268  270  265  258  256  256  255  250  242  235  229  220  205  184  163  146
  133  122  111   99   86   74   64   57   52
    10.0-180.0 180.0   5.0 450.0                            LAT/LON1/LON2/DLON/H
   54   48   41   35   35   42   54   61   60   51   43   37   34   31   29   31
   35   40   42   43   47   54   59   62   64   70   81   94  102  105  105  106
  109  115  124  137  153  168  182  198  217  237  252  257  255  253  255  261
  265  263  256  249  245  244  243  238  231  225  220  212  197  178  159  144
  134  126  117  106   95   82   71   61   54
     7.5-180.0 180.0   5.0 450.0                            LAT/LON1/LON2/DLON/H
   56   48   40   32   30   36   49   59   60   53   46   40   36   32   29   30
   34   39   42   43   48   55   62   66   70   77   87   96   99   97   94   94
  100  110  123  138  155  171  187  206  227  249  264  268  265  261  259  261
  261  258  251  245  241  239  235  230  224  218  213  203  188  168  150  137
  130  125  119  111  101   90   77   65   56
     5.0-180.0 180.0   5.0 450.0                            LAT/LON1/LON2/DLON/H
   59   50   40   31   26   31   43   53   56   52   46   43   40   36   31   31
   34   39   42   43   47   54   62   67   71   79   88   94   93   86   82   83
   93  107  123  140  156  172  189  209  232  254  269  273  270  265  262  262
  262  260  255  250  246  243  238  232  225  219  211  199  181  160  142  130
  124  121  117  112  105   95   82   69   59
     2.5-180.0 180.0   5.0 450.0                            LAT/LON1/LON2/DLON/H
   62   52   43   32   26   28   37   46   49   47   44   44   44   41   35   33
   35   39   41   43   46   51   57   62   68   77   86   89   85   77   72   76
   89  106  124  142  158  173  190  210  232  254  268  273  271  267  264  265
  268  269  269  266  262  257  252  245  237  228  217  202  180  157  138  125
  119  116  114  111  106   98   86   73   62
