data/电离层参数/2024-01-23/TEC(buag)-2000.01.01-2000.01.02.txt
     1.0            IONOSPHERE MAPS     GNSS                IONEX VERSION / TYPE
IRIS V2.0           IRIS                30-Mar-19 13:38     PGM / RUN BY / DATE 
BUAA'S GLOBAL IONOSPHERE MAPS FOR DAY 001, 2000             COMMENT             
Contact address: Cheng Wang, acheng@buaa.edu.cn             DESCRIPTION         
Web page:        http://ionosphere.cn                       DESCRIPTION         
Advanced Ionosphere Labs at Beihang University              COMMENT             
Prima V1.0 from AI Labs @BUAA                               COMMENT             
  2000     1     1     0     0     0                        EPOCH OF FIRST MAP  
  2000     1     2     0     0     0                        EPOCH OF LAST MAP  
  3600                                                      INTERVAL            
    25                                                      # OF MAPS IN FILE   
  MSLM                                                      MAPPING FUNCTION    
Two-way carrier phase leveled to code                       OBSERVABLES USED    
   230                                                      # OF STATIONS       
    28                                                      # OF SATELLITES     
  6371.0                                                    BASE RADIUS         
     2                                                      MAP DIMENSION       
   450.0 450.0   0.0                                        HGT1 / HGT2 / DHGT  
    87.5 -87.5  -2.5                                        LAT1 / LAT2 / DLAT  
  -180.0 180.0   5.0                                        LON1 / LON2 / DLON  
    -1                                                      EXPONENT            
TEC/RMS values in 0.1 TECU; 9999, if no value available     COMMENT             
List of stations:                                           COMMENT             
acor ade1 alac albh algo alic amc2 ankr aoa1 arp3 artu ashv COMMENT             
atwc auck azry azu1 barb barh bay1 bbry bhr1 bill bjfs blyt COMMENT             
bogo bor1 braz brmu brst brus bshm bucu bzrg cabl cagl carr COMMENT             
casa casc cat1 ccjm ccv3 cedu cfag cha1 chb1 chil chl1 chum COMMENT             
chur chwk cit1 clar cmp9 coco coso coyq crfp cro1 daej darw COMMENT             
dav1 dgar dhlg drao dubo duck dum1 ebre eil1 eng1 eprt fair COMMENT             
flin fts1 gal1 geno gilb glpt glsv gol2 gope gras graz guam COMMENT             
harv helg hers hflk hnlc hnpt hob2 holb holp hrm1 iisc ista COMMENT             
jama joen jplm kabr karr kely kerg kit3 kod1 kok1 kokb kosg COMMENT             
kouc kyw1 lama lamp lasc lhas lhaz lhue lpgs mad2 mag0 mar6 COMMENT             
mars mas1 math maui mdo1 mdvo medi mem2 mil1 mkea mlf1 mob1 COMMENT             
nano neah newl newp nico nlib noto npri nrc1 ntus nya1 nyal COMMENT             
oat2 onsa osn1 palm parc pbl1 penc petp pie1 pin1 plo3 pol2 COMMENT             
psu1 pur3 pvep quin red1 reyz riga rock sag1 sav1 sch2 scip COMMENT             
seat sele sfer shao shee shk1 sio3 sni1 sol1 spk1 stjo str1 COMMENT             
tabl thti thu1 tixi torp toul tow2 trab trak tro1 tskb tubi COMMENT             
uclp uclu unpg upo1 urum usc1 usna usud uzhl vaas van1 vene COMMENT             
vesl vil0 vill vis0 vndp vtis wel1 wes2 wgtn whc1 widc will COMMENT             
wis1 wlsn wslr wsrt wtza wtzr wtzt wtzz wuhn yakz yssk zeck COMMENT             
zimm zwen                                                   COMMENT             
                                                            END OF HEADER       
[from data line 3432]
     9                                                      START OF TEC MAP    
  2000     1     1     8     0     0                        EPOCH OF CURRENT MAP
    87.5-180.0 180.0   5.0 450.0                            LAT/LON1/LON2/DLON/H
   64   65   67   68   70   71   73   74   75   77   78   79   79   80   81   81
   82   82   82   82   82   82   82   82   82   82   82   81   81   81   81   80
   80   80   79   79   78   78   77   76   75   74   73   72   71   70   68   67
   66   64   63   62   60   59   58   57   56   55   55   54   54   54   54   55
   55   56   56   57   59   60   61   62   64
    85.0-180.0 180.0   5.0 450.0                            LAT/LON1/LON2/DLON/H
   57   61   64   67   70   74   76   79   82   84   85   87   88   89   89   89
   89   88   88   87   86   85   84   83   83   82   82   82   82   82   82   83
   83   83   84   84   84   84   84   83   82   81   80   78   76   73   70   67
   64   61   58   55   51   48   46   43   41   39   38   37   36   36   36   37
   38   39   41   43   45   48   51   54   57
    82.5-180.0 180.0   5.0 450.0                            LAT/LON1/LON2/DLON/H
   52   57   62   67   71   76   80   84   87   90   92   94   94   95   94   93
   91   89   87   84   82   80   77   76   74   73   73   73   74   75   76   78
   80   82   84   86   88   89   90   91   91   90   89   87   84   81   77   73
   68   63   58   53   48   43   38   34   31   28   25   24   23   22   23   23
   25   27   30   33   36   40   44   48   52
    80.0-180.0 180.0   5.0 450.0                            LAT/LON1/LON2/DLON/H
   50   55   60   66   71   76   81   86   90   93   96   97   97   97   95   92
   89   85   80   76   72   68   65   62   60   59   59   59   61   63   66   69
   73   77   81   85   89   92   95   97   99   99   99   97   95   92   88   83
   77   71   65   58   52   45   39   34   29   25   22   19   18   18   18   19
   21   23   26   29   32   36   40   45   50
    77.5-180.0 180.0   5.0 450.0                            LAT/LON1/LON2/DLON/H
   49   53   58   63   69   74   80   85   89   92   95   96   96   94   91   87
   83   77   71   65   60   55   51   48   46   45   45   46   49   52   56   60
   66   71   76   82   87   92   97  100  103  105  106  106  105  103  100   96
   91   85   78   71   64   56   49   43   37   32   28   25   24   23   23   24
   25   27   29   32   35   38   41   45   49
    75.0-180.0 180.0   5.0 450.0                            LAT/LON1/LON2/DLON/H
   49   52   56   60   65   69   74   79   84   87   90   91   90   88   85   80
   74   68   61   55   49   44   40   38   36   36   37   39   42   46   50   55
   60   66   72   78   84   90   95  100  104  107  110  112  113  113  113  111
  108  103   98   91   84   76   68   61   54   48   43   39   37   35   35   35
   35   37   38   39   41   43   44   47   49
    72.5-180.0 180.0   5.0 450.0                            LAT/LON1/LON2/DLON/H
   50   52   54   56   59   63   67   71   75   78   81   82   82   80   77   72
   66   60   54   49   44   40   37   36   36   37   38   41   44   47   51   55
   59   64   69   74   79   84   89   94   99  104  108  113  117  121  124  126
  126  125  123  118  112  104   95   86   78   70   63   58   53   50   49   47
   47   47   47   47   47   48   48   49   50
    70.0-180.0 180.0   5.0 450.0                            LAT/LON1/LON2/DLON/H
   50   50   51   52   54   56   59   62   65   68   70   72   72   70   68   64
   60   56   51   47   44   42   41   42   43   45   48   50   53   55   58   60
   62   64   67   70   73   77   81   86   91   97  103  110  117  125  133  141
  146  150  152  150  145  137  128  117  106   95   85   77   70   64   60   57
   54   53   52   51   51   50   50   50   50
    67.5-180.0 180.0   5.0 450.0                            LAT/LON1/LON2/DLON/H
   49   49   48   48   49   50   51   53   56   58   60   61   61   61   60   58
   56   54   52   50   49   49   51   53   56   59   62   64   66   66   67   67
   66   66   66   67   68   70   73   77   82   88   96  106  117  129  143  156
  167  177  183  184  181  174  163  149  135  120  106   94   83   74   67   61
   56   53   50   49   49   49   49   49   49
    65.0-180.0 180.0   5.0 450.0                            LAT/LON1/LON2/DLON/H
   46   46   46   46   45   45   46   47   48   49   50   51   52   53   54   54
   55   55   55   55   56   58   61   65   68   72   74   76   77   76   74   72
   70   67   65   63   63   64   66   70   75   82   92  104  118  135  153  172
  189  204  214  219  218  211  199  182  164  145  127  110   95   82   70   61
   53   47   44   42   42   43   44   45   46
    62.5-180.0 180.0   5.0 450.0                            LAT/LON1/LON2/DLON/H
   42   43   43   43   43   43   43   43   43   43   43   44   45   47   49   52
   54   56   58   60   63   65   69   73   76   79   81   82   82   80   77   74
   70   66   63   60   59   60   62   67   74   83   94  109  126  145  167  189
  211  230  244  252  253  246  233  214  193  171  148  127  108   90   74   60
   49   41   36   34   34   35   38   40   42
    60.0-180.0 180.0   5.0 450.0                            LAT/LON1/LON2/DLON/H
   38   40   41   41   41   41   41   41   41   40   39   39   40   42   45   49
   53   57   60   63   65   67   70   74   76   79   80   80   79   76   73   70
   66   62   59   57   57   59   64   71   80   92  106  122  141  162  185  209
  232  253  270  280  282  276  263  244  221  196  172  148  125  103   83   65
   50   39   32   29   28   30   32   35   38
    57.5-180.0 180.0   5.0 450.0                            LAT/LON1/LON2/DLON/H
   36   37   38   39   40   41   41   41   41   39   38   37   37   39   42   47
   52   56   59   61   62   64   65   67   69   71   71   70   69   67   65   62
   59   57   55   55   58   63   71   82   95  110  127  145  165  186  207  230
  252  272  289  300  304  299  287  269  246  222  198  173  148  123  100   78
   60   46   36   31   29   29   31   34   36
    55.0-180.0 180.0   5.0 450.0                            LAT/LON1/LON2/DLON/H
   37   37   37   38   39   40   42   43   42   40   38   36   35   37   40   44
   49   53   55   56   55   55   55   56   57   58   58   57   56   55   54   53
   52   51   52   56   62   71   83   99  117  136  156  176  196  215  233  250
  268  284  299  309  314  312  303  288  268  247  225  202  177  151  125  100
   79   62   50   42   38   36   36   36   37
    52.5-180.0 180.0   5.0 450.0                            LAT/LON1/LON2/DLON/H
   42   40   39   38   39   41   43   44   45   43   40   37   36   36   38   41
   45   48   49   48   46   44   43   44   45   46   46   45   45   45   45   46
   47   49   53   59   69   83  100  120  142  166  190  211  230  246  258  269
  279  289  299  308  314  314  309  298  284  268  250  230  207  181  154  127
  103   84   70   61   54   49   46   44   42
    50.0-180.0 180.0   5.0 450.0                            LAT/LON1/LON2/DLON/H
   52   47   43   41   40   42   45   47   48   46   43   40   38   37   38   40
   42   43   43   41   37   35   34   35   36   38   39   39   39   40   41   43
   46   51   58   68   81   98  119  143  169  196  222  245  263  275  282  284
  285  288  292  298  304  306  305  299  290  280  268  253  233  209  181  153
  128  108   92   81   73   66   61   56   52
    47.5-180.0 180.0   5.0 450.0                            LAT/LON1/LON2/DLON/H
   64   58   51   47   45   46   48   50   51   50   47   45   43   41   40   40
   41   41   39   36   33   30   29   31   35   38   39   40   41   42   44   47
   51   57   67   80   97  117  140  166  194  223  250  274  291  299  300  295
  288  282  280  283  287  291  293  291  287  283  276  266  250  226  199  170
  145  125  109   98   89   81   75   70   64
    45.0-180.0 180.0   5.0 450.0                            LAT/LON1/LON2/DLON/H
   77   70   62   56   52   52   53   55   55   54   52   51   50   49   46   45
   43   42   40   37   33   31   31   35   39   44   46   48   49   50   51   54
   59   67   80   97  116  138  161  187  214  243  270  294  309  316  313  302
  288  276  269  268  271  274  277  277  277  276  274  268  254  232  205  177
  152  132  117  106   97   91   86   82   77
    42.5-180.0 180.0   5.0 450.0                            LAT/LON1/LON2/DLON/H
   88   82   74   67   62   60   60   60   59   58   58   59   60   59   56   53
   50   49   47   44   41   39   39   43   49   54   57   59   59   60   60   62
   68   79   95  115  138  160  182  206  231  257  282  304  319  325  320  308
  291  275  264  260  260  263  264  264  264  264  264  261  249  229  202  173
  148  129  114  104   97   94   92   91   88
    40.0-180.0 180.0   5.0 450.0                            LAT/LON1/LON2/DLON/H
   95   92   85   77   72   69   68   67   64   62   63   67   71   72   69   65
   61   60   59   57   53   51   51   55   60   64   67   68   69   68   67   69
   75   89  109  134  159  182  203  223  243  265  287  307  321  327  325  314
  299  283  271  265  263  263  262  259  256  256  256  253  243  224  197  168
  143  122  107   96   90   89   92   95   95
    37.5-180.0 180.0   5.0 450.0                            LAT/LON1/LON2/DLON/H
   98   97   92   85   81   78   76   73   68   66   68   75   83   86   84   79
   75   75   75   73   69   65   64   65   69   72   73   74   73   72   71   72
   80   96  121  151  179  202  221  238  254  271  289  306  319  328  329  324
  315  303  293  287  284  281  277  269  262  259  258  256  247  229  202  173
  146  122  104   90   83   83   88   94   98
    35.0-180.0 180.0   5.0 450.0                            LAT/LON1/LON2/DLON/H
   98   98   94   90   86   84   82   77   71   68   72   82   93   99   98   93
   90   91   92   90   85   79   75   73   74   74   74   74   73   71   70   71
   81  101  131  165  196  221  239  253  265  278  292  305  318  330  337  341
  340  335  331  327  324  319  311  300  288  282  280  279  272  255  229  199
  169  140  115   94   83   80   85   93   98
    32.5-180.0 180.0   5.0 450.0                            LAT/LON1/LON2/DLON/H
   97   96   93   90   88   87   85   79   72   68   73   86  100  109  109  105
  103  105  108  106   99   90   83   78   75   73   71   70   69   67   66   68
   80  104  139  177  211  237  255  268  279  289  299  310  323  337  351  364
  373  378  380  380  379  375  365  351  336  327  325  326  322  308  284  253
  219  183  148  118   98   90   90   94   97
    30.0-180.0 180.0   5.0 450.0                            LAT/LON1/LON2/DLON/H
  101   96   91   88   88   87   84   78   71   67   73   88  104  113  114  112
  112  116  120  118  110   98   88   81   75   70   66   65   64   63   63   67
   81  109  147  188  224  251  270  285  296  305  314  323  335  352  372  393
  411  425  435  441  443  441  433  418  403  394  393  397  398  388  366  335
  297  253  207  165  134  116  109  105  101
    27.5-180.0 180.0   5.0 450.0                            LAT/LON1/LON2/DLON/H
  115  102   94   90   88   86   82   76   68   65   72   87  103  112  114  113
  115  122  127  125  115  102   91   82   75   69   64   62   62   62   64   70
   87  117  157  199  236  264  286  303  317  328  336  345  358  376  400  426
  451  472  488  500  507  510  505  494  480  472  475  484  490  485  466  435
  394  344  288  234  191  163  144  129  115
    25.0-180.0 180.0   5.0 450.0                            LAT/LON1/LON2/DLON/H
  143  121  107   99   94   88   81   73   66   64   70   84   99  107  108  108
  113  123  129  126  116  103   93   85   78   71   66   64   64   66   70   80
  100  132  172  213  249  279  303  324  342  356  366  376  389  409  433  461
  489  514  534  550  563  571  573  566  556  552  559  574  585  585  570  540
  498  442  379  317  266  228  198  169  143
    22.5-180.0 180.0   5.0 450.0                            LAT/LON1/LON2/DLON/H
  187  156  135  122  110   97   84   73   66   65   71   83   94   99   99  100
  108  120  127  124  114  103   95   89   83   77   73   71   73   76   83   97
  120  153  192  230  265  294  321  346  369  387  400  412  427  447  470  496
  523  547  568  587  604  619  626  625  620  619  631  651  668  672  659  632
  590  534  468  403  348  305  266  226  187
    20.0-180.0 180.0   5.0 450.0                            LAT/LON1/LON2/DLON/H
  246  207  180  160  139  116   95   80   72   71   77   86   93   93   91   92
  102  116  124  121  112  103   98   96   92   88   84   83   85   90  101  119
  145  179  216  251  283  312  341  370  397  418  435  451  468  488  508  529
  550  570  590  609  628  648  661  665  664  667  682  706  727  733  722  697
  658  604  542  480  429  387  344  295  246
    17.5-180.0 180.0   5.0 450.0                            LAT/LON1/LON2/DLON/H
  316  271  239  212  181  146  115   94   85   84   90   96   98   93   88   89
  101  115  123  120  112  106  104  104  103  100   98   97   99  106  120  142
  173  207  242  274  304  332  363  394  423  448  468  488  508  528  545  559
  572  586  601  618  638  660  678  685  686  690  707  734  756  762  752  728
  693  646  592  541  500  465  424  371  316
    15.0-180.0 180.0   5.0 450.0                            LAT/LON1/LON2/DLON/H
  389  341  307  275  234  188  146  118  106  105  110  114  112  103   94   95
  106  120  127  124  117  112  113  114  113  111  110  110  112  120  137  165
  199  234  267  297  325  353  384  416  447  474  497  520  543  564  578  586
  591  597  606  620  639  662  681  690  690  694  710  736  758  763  751  728
  697  658  616  580  554  531  496  445  389
    12.5-180.0 180.0   5.0 450.0                            LAT/LON1/LON2/DLON/H
  454  409  374  339  292  235  184  150  135  134  138  141  136  124  112  111
  121  133  138  134  127  123  123  124  122  121  120  120  122  130  151  183
  220  257  289  317  344  373  403  435  466  494  520  546  572  593  606  609
  608  608  612  621  637  659  678  686  684  685  700  724  743  746  731  707
  680  649  619  599  589  581  555  509  454
    10.0-180.0 180.0   5.0 450.0                            LAT/LON1/LON2/DLON/H
  505  463  432  396  346  284  226  188  170  168  173  176  170  156  142  137
  144  154  156  150  142  138  137  134  130  127  127  127  129  138  160  195
  235  273  304  333  360  389  419  450  480  508  536  564  592  615  627  629
  625  622  621  627  640  659  677  683  678  676  686  708  724  724  706  681
  655  630  611  603  608  611  595  555  505
     7.5-180.0 180.0   5.0 450.0                            LAT/LON1/LON2/DLON/H
  534  497  470  438  389  326  268  227  208  205  211  216  212  197  180  172
  175  180  179  170  161  156  152  144  136  132  132  132  134  143  166  203
  244  282  314  343  371  400  429  458  488  517  545  574  603  627  641  645
  642  638  636  639  649  666  682  687  680  673  680  698  713  710  690  663
  636  614  600  600  613  624  615  579  534
     5.0-180.0 180.0   5.0 450.0                            LAT/LON1/LON2/DLON/H
  540  507  485  458  414  357  302  264  244  241  249  257  256  242  223  210
  207  207  202  191  181  174  167  155  143  136  136  137  138  147  171  208
  249  285  317  347  377  405  433  461  491  520  548  576  605  631  648  656
  657  655  654  656  665  681  696  700  691  681  685  701  715  711  690  661
  632  608  594  595  610  622  614  581  540
     2.5-180.0 180.0   5.0 450.0                            LAT/LON1/LON2/DLON/H
  524  494  477  456  421  373  327  293  276  274  284  296  298  284  263  246
  237  232  222  209  199  191  181  165  149  141  141  142  144  152  175  211
  250  285  317  347  378  406  432  459  489  518  546  573  600  627  648  661
  668  671  672  674  683  698  714  719  710  699  700  714  728  726  705  674
  642  614  595  592  601  608  597  563  524
