data/电离层参数/2024-01-23/TEC(buag)-2021.01.21-2021.01.22.txt
     1.0            IONOSPHERE MAPS     GNSS                IONEX VERSION / TYPE
IRIS V2.0           IRIS                20-Aug-21 09:09     PGM / RUN BY / DATE 
BUAA'S GLOBAL IONOSPHERE MAPS FOR DAY 021, 2021             COMMENT             
Contact address: Cheng WANG, acheng@buaa.edu.cn             DESCRIPTION         
Web page:        http://ionosphere.cn                       DESCRIPTION         
STAR Labs at Beihang University                             COMMENT             
FLASH Pro from STAR Labs @BUAA                              COMMENT             
  2021     1    21     0     0     0                        EPOCH OF FIRST MAP  
  2021     1    22     0     0     0                        EPOCH OF LAST MAP  
  3600                                                      INTERVAL            
    25                                                      # OF MAPS IN FILE   
  MSLM                                                      MAPPING FUNCTION    
Two-way carrier phase leveled to code                       OBSERVABLES USED    
   234                                                      # OF STATIONS       
    31                                                      # OF SATELLITES     
  6371.0                                                    BASE RADIUS         
     2                                                      MAP DIMENSION       
   450.0 450.0   0.0                                        HGT1 / HGT2 / DHGT  
    87.5 -87.5  -2.5                                        LAT1 / LAT2 / DLAT  
  -180.0 180.0   5.0                                        LON1 / LON2 / DLON  
    -1                                                      EXPONENT            
TEC/RMS values in 0.1 TECU; 9999, if no value available     COMMENT             
List of stations:                                           COMMENT             
abmf abpo adis aira ajac albh alg3 algo ankr antc areg areq COMMENT             
artu aruc ascg auck baie bake bako bamf bcov bill bjfs blyt COMMENT             
bogt bor1 brew brst cags ccj2 chil chpg chpi chti chu2 chum COMMENT             
chur chwk cit1 clrs cmp9 cnmr coso crfp cro1 cusv daej dgar COMMENT             
dhlg djig dra3 dra4 drag drao dubo dund eliz escu eur2 fair COMMENT             
falk ffmj flin frdn glps glsv gmsd gode godz gol2 gold gope COMMENT             
grac gras guam guat guug hers hert hlfx hnlc holb hrao hueg COMMENT             
ieng iisc invk iqal iqqe irkj irkm isba ista jfng joz2 joze COMMENT             
jplm kgni kokb kokv krgg lama lbch leij lmmf lovj lroc mad2 COMMENT             
madr mag0 mars maui mayg mbar mcm4 mdo1 mdvj metg mikl mkea COMMENT             
mobj mobk mobn monp morp mqzg mtka nano nico nist nklg nlib COMMENT             
novm nrc1 nril ntka nvsk nya1 nyal ohi2 opmt orid palm parc COMMENT             
penc pets picl pie1 pimo pin1 pol2 polv prd2 prd3 prds ptag COMMENT             
ptal ptbb ptgg ptrf qaq1 quad quin rabt ramo rbay rdsd reun COMMENT             
rgdg riga riop rock sask sc04 sch2 scor seyg sfdm shao she2 COMMENT             
smst sofi ssia sthl stj2 stjo stk2 suth svtl syog tabl tfno COMMENT             
thtg thti thu2 tidb tit2 tixg tixi tlse tlsg tnml trak tro1 COMMENT             
tsk2 tskb tubi tukt uclu unbj usn7 usud vacs vald vndp wab2 COMMENT             
wark warn wgtn whc1 whit widc will wroc wtza yakt yel3 yell COMMENT             
ykro yssk zamb zeck zim2 zimm                               COMMENT             
                                                            END OF HEADER       
[from data line 7722]
    19                                                      START OF TEC MAP    
  2021     1    21    18     0     0                        EPOCH OF CURRENT MAP
    87.5-180.0 180.0   5.0 450.0                            LAT/LON1/LON2/DLON/H
   10   11   11   11   11   11   11   12   12   12   12   12   13   13   13   13
   13   13   13   13   13   13   13   13   13   13   13   13   13   13   13   13
   13   13   13   13   13   13   12   12   12   12   12   12   12   11   11   11
   11   11   11   11   10   10   10   10   10   10   10   10   10   10   10   10
   10   10   10   10   10   10   10   10   10
    85.0-180.0 180.0   5.0 450.0                            LAT/LON1/LON2/DLON/H
   12   12   12   13   13   13   14   14   15   15   16   16   17   17   17   18
   18   18   18   18   18   18   18   18   18   17   17   17   17   17   17   17
   17   17   17   16   16   16   16   16   15   15   15   15   14   14   14   13
   13   13   12   12   12   12   12   11   11   11   11   11   11   11   11   11
   11   11   11   11   11   11   11   12   12
    82.5-180.0 180.0   5.0 450.0                            LAT/LON1/LON2/DLON/H
   14   14   14   15   16   16   17   18   19   20   21   22   22   23   24   24
   25   25   25   25   25   24   24   23   23   22   22   22   21   21   21   21
   21   21   21   21   21   21   20   20   20   19   19   18   17   17   16   16
   15   15   15   14   14   14   14   14   14   13   13   13   13   13   13   13
   13   13   13   13   13   13   13   13   14
    80.0-180.0 180.0   5.0 450.0                            LAT/LON1/LON2/DLON/H
   15   16   16   17   18   19   20   21   22   24   26   27   29   30   31   32
   33   33   33   33   33   32   31   30   28   27   27   26   25   25   25   25
   25   25   25   25   25   25   24   24   23   22   22   21   20   19   18   18
   17   17   17   17   17   16   16   16   16   16   16   16   16   16   16   16
   16   16   15   15   15   15   15   15   15
    77.5-180.0 180.0   5.0 450.0                            LAT/LON1/LON2/DLON/H
   16   16   17   18   18   20   21   23   25   27   29   32   34   37   39   41
   42   43   43   43   42   40   38   36   34   32   31   29   28   28   27   27
   27   27   28   28   28   27   27   26   25   24   23   21   20   20   19   18
   18   18   18   18   18   18   18   18   19   19   19   19   19   19   18   18
   18   18   17   17   17   16   16   16   16
    75.0-180.0 180.0   5.0 450.0                            LAT/LON1/LON2/DLON/H
   16   16   16   17   18   19   21   23   25   28   31   35   38   42   45   48
   51   52   53   52   51   49   46   43   40   37   34   32   30   29   28   28
   28   28   28   28   28   27   26   25   24   23   21   20   19   18   17   17
   17   18   18   18   19   19   19   19   20   20   20   20   20   20   20   20
   20   19   19   18   17   17   16   16   16
    72.5-180.0 180.0   5.0 450.0                            LAT/LON1/LON2/DLON/H
   15   15   15   15   16   17   19   21   24   27   31   36   41   46   50   55
   58   60   61   61   60   57   54   50   46   41   38   34   31   29   27   26
   26   25   25   25   25   24   23   22   21   19   18   16   15   15   14   15
   15   16   17   18   18   19   19   19   19   19   20   20   20   21   21   21
   21   20   19   18   17   16   16   15   15
    70.0-180.0 180.0   5.0 450.0                            LAT/LON1/LON2/DLON/H
   13   13   14   14   15   16   18   20   23   26   31   36   42   48   53   59
   63   67   69   69   68   65   61   57   52   46   41   37   33   29   26   24
   23   21   21   20   20   19   18   17   16   14   13   12   11   11   11   11
   12   14   15   16   17   17   17   17   17   18   18   19   20   20   21   21
   21   21   20   18   17   16   15   14   13
    67.5-180.0 180.0   5.0 450.0                            LAT/LON1/LON2/DLON/H
   13   13   13   14   15   16   18   20   22   26   30   36   42   48   55   61
   67   71   74   75   74   72   68   63   58   52   46   40   35   30   26   22
   19   17   15   14   13   13   12   12   11   10    9    8    7    7    8    9
   10   11   13   14   15   15   15   15   15   16   16   18   19   20   21   22
   22   21   20   19   17   15   14   13   13
    65.0-180.0 180.0   5.0 450.0                            LAT/LON1/LON2/DLON/H
   14   14   15   16   17   19   20   22   24   28   32   37   43   49   56   63
   69   73   77   79   79   77   74   69   64   58   51   45   39   33   27   22
   17   13   10    9    8    8    8    8    8    7    6    6    5    6    6    7
    9   10   11   12   13   13   13   13   14   14   16   17   19   21   22   23
   24   23   22   20   18   16   15   14   14
    62.5-180.0 180.0   5.0 450.0                            LAT/LON1/LON2/DLON/H
   17   18   19   21   22   24   26   28   30   32   36   40   45   51   57   63
   69   74   78   80   81   80   78   74   69   64   58   51   44   37   30   23
   17   12    8    6    5    5    6    7    8    8    8    7    7    7    7    8
    9   10   11   11   12   12   13   13   14   15   16   18   21   23   25   26
   26   26   25   23   21   19   18   17   17
    60.0-180.0 180.0   5.0 450.0                            LAT/LON1/LON2/DLON/H
   23   24   25   27   30   32   34   36   38   40   43   46   49   54   58   64
   68   73   77   79   81   81   80   78   75   70   65   59   52   44   36   27
   20   13    9    7    6    7    9   11   12   13   13   12   11   11   10   10
   11   11   12   12   13   13   14   15   16   18   20   22   24   27   29   30
   30   30   28   27   25   23   22   22   23
    57.5-180.0 180.0   5.0 450.0                            LAT/LON1/LON2/DLON/H
   29   30   32   35   38   41   44   47   49   51   52   54   56   58   61   64
   68   72   75   78   80   81   82   81   79   76   72   67   60   52   43   34
   25   18   14   12   12   14   17   19   21   21   21   20   18   17   16   15
   14   14   14   15   16   17   18   20   21   23   25   28   30   32   33   34
   34   34   33   32   30   29   28   28   29
    55.0-180.0 180.0   5.0 450.0                            LAT/LON1/LON2/DLON/H
   35   37   39   43   47   51   55   59   61   63   63   63   63   64   65   66
   68   71   73   76   78   81   82   83   83   82   79   75   69   61   52   42
   33   26   22   20   22   25   28   31   32   32   31   29   27   25   23   21
   20   19   19   19   20   22   24   26   29   31   33   34   36   37   38   38
   38   38   37   36   36   35   35   35   35
    52.5-180.0 180.0   5.0 450.0                            LAT/LON1/LON2/DLON/H
   41   42   45   49   54   59   65   69   73   74   74   72   71   70   70   70
   70   71   73   75   77   80   83   86   87   88   86   83   78   70   61   51
   42   35   32   32   34   38   42   45   45   44   42   39   36   33   30   27
   25   25   24   25   27   29   32   34   37   39   40   41   42   42   42   42
   41   41   40   40   40   40   40   40   41
    50.0-180.0 180.0   5.0 450.0                            LAT/LON1/LON2/DLON/H
   44   45   48   53   59   66   72   78   82   84   83   81   78   77   75   75
   75   74   75   76   79   82   85   89   92   93   94   91   86   79   69   59
   50   44   42   44   48   53   57   58   58   55   52   48   44   40   37   34
   32   31   31   32   34   36   39   42   44   46   46   46   46   46   45   44
   43   42   41   42   43   43   44   44   44
    47.5-180.0 180.0   5.0 450.0                            LAT/LON1/LON2/DLON/H
   44   46   49   55   62   70   78   84   89   91   90   88   85   84   83   82
   82   81   80   81   83   86   89   93   97  100  101  100   95   86   76   66
   58   53   52   55   60   66   70   70   68   64   59   54   50   46   42   39
   38   37   38   39   41   43   46   48   50   50   50   49   49   48   47   45
   43   41   40   41   42   44   44   44   44
    45.0-180.0 180.0   5.0 450.0                            LAT/LON1/LON2/DLON/H
   42   43   48   55   63   72   80   88   93   95   95   93   92   91   92   92
   91   90   89   89   91   93   96   99  103  107  109  107  102   94   83   72
   64   59   60   64   71   77   80   80   76   70   65   59   55   50   47   44
   43   43   44   46   47   49   51   52   52   52   50   49   49   48   47   45
   41   38   37   37   39   41   42   42   42
    42.5-180.0 180.0   5.0 450.0                            LAT/LON1/LON2/DLON/H
   37   39   45   53   63   72   81   89   94   97   98   98   98  100  102  104
  104  103  102  101  101  102  104  106  110  114  116  115  109  100   88   77
   69   65   66   72   79   86   88   87   82   75   68   63   58   54   50   48
   47   48   49   51   52   52   53   52   52   50   48   47   47   47   47   44
   39   35   32   32   35   37   38   37   37
    40.0-180.0 180.0   5.0 450.0                            LAT/LON1/LON2/DLON/H
   32   35   42   52   62   72   81   89   94   98  100  102  105  109  113  117
  118  117  116  115  114  114  113  114  116  120  122  121  115  105   93   82
   74   70   72   78   85   92   94   92   85   78   71   66   61   57   53   51
   51   52   53   54   54   54   53   51   49   47   45   44   45   46   46   43
   37   31   27   27   29   32   33   32   32
    37.5-180.0 180.0   5.0 450.0                            LAT/LON1/LON2/DLON/H
   28   31   40   51   62   72   80   87   93   98  101  105  111  118  125  130
  132  132  131  129  128  125  122  121  121  124  126  125  120  110   99   88
   80   76   78   84   91   97   99   95   88   81   74   69   65   61   57   54
   54   54   56   56   55   53   51   49   46   43   41   40   42   45   46   43
   36   28   23   22   24   27   28   27   28
    35.0-180.0 180.0   5.0 450.0                            LAT/LON1/LON2/DLON/H
   25   30   39   51   63   72   80   86   91   96  102  109  117  127  135  141
  144  144  143  142  139  135  130  125  124  125  127  127  122  114  104   94
   87   84   85   90   97  102  103   99   92   84   79   74   71   66   62   58
   56   56   57   56   54   52   49   47   43   40   38   38   41   44   46   43
   35   26   20   19   22   25   26   25   25
    32.5-180.0 180.0   5.0 450.0                            LAT/LON1/LON2/DLON/H
   25   30   40   52   64   72   79   84   89   95  102  111  122  133  143  149
  151  151  151  150  147  142  134  127  123  123  125  125  122  117  109  103
   97   95   95   99  104  108  108  104   96   89   84   81   77   73   67   62
   59   58   57   55   53   50   48   46   43   39   37   38   40   44   46   43
   36   26   20   19   22   25   26   25   25
    30.0-180.0 180.0   5.0 450.0                            LAT/LON1/LON2/DLON/H
   28   33   43   55   65   73   78   82   87   93  101  112  124  136  145  151
  153  153  152  152  150  144  135  126  120  119  120  121  121  119  116  112
  110  108  107  109  113  115  114  109  102   95   90   88   85   80   74   67
   62   59   56   54   51   49   48   46   44   41   39   39   41   44   46   44
   37   28   22   21   24   28   29   28   28
    27.5-180.0 180.0   5.0 450.0                            LAT/LON1/LON2/DLON/H
   31   36   46   58   67   73   77   81   85   91  100  111  123  135  143  147
  148  147  148  148  147  141  132  122  115  113  114  117  119  121  122  124
  123  122  121  121  122  123  121  115  107  101   97   95   92   87   80   72
   65   60   55   52   50   49   48   47   46   43   41   41   42   45   45   43
   37   30   25   25   28   32   33   31   31
    25.0-180.0 180.0   5.0 450.0                            LAT/LON1/LON2/DLON/H
   35   41   50   60   69   74   77   80   84   90   98  109  121  131  137  138
  137  137  137  139  139  135  127  118  111  108  110  113  118  124  130  136
  138  137  135  133  132  130  127  120  112  106  102  100   98   93   85   76
   68   60   54   50   48   48   49   48   47   45   44   43   43   44   44   42
   38   33   29   29   32   36   36   35   35
    22.5-180.0 180.0   5.0 450.0                            LAT/LON1/LON2/DLON/H
   38   44   54   63   70   75   78   82   86   91   98  108  117  125  128  127
  124  123  124  126  127  125  120  114  109  107  109  113  120  130  140  148
  153  152  148  144  140  137  131  124  116  109  106  104  102   97   89   79
   69   60   53   48   46   47   48   48   47   45   44   44   43   42   41   39
   37   34   32   33   35   37   37   36   38
    20.0-180.0 180.0   5.0 450.0                            LAT/LON1/LON2/DLON/H
   38   46   56   65   72   76   81   85   90   95  101  108  115  119  119  115
  112  110  111  113  116  117  116  113  112  111  114  119  127  139  151  162
  167  165  160  153  147  141  134  127  118  111  107  104  102   97   89   79
   68   59   51   46   44   44   45   45   43   42   43   43   42   39   37   36
   35   34   33   34   35   36   35   35   38
    17.5-180.0 180.0   5.0 450.0                            LAT/LON1/LON2/DLON/H
   36   46   58   68   74   79   85   92   97  102  106  112  117  118  114  108
  103  101  101  104  107  111  114  117  119  122  125  131  140  152  165  175
  180  177  170  160  152  144  136  128  119  111  106  102   99   95   87   77
   67   57   50   44   42   41   41   39   37   37   38   40   38   35   32   32
   32   32   33   33   33   32   30   30   36
    15.0-180.0 180.0   5.0 450.0                            LAT/LON1/LON2/DLON/H
   32   45   60   71   77   83   91  100  107  112  116  121  123  121  115  107
  101   98   99  101  105  111  118  126  132  137  142  148  157  168  181  190
  193  189  179  167  156  146  138  129  119  111  104   99   95   90   82   73
   64   56   49   44   41   38   36   32   29   29   32   35   34   31   28   27
   28   29   30   30   29   27   24   25   32
    12.5-180.0 180.0   5.0 450.0                            LAT/LON1/LON2/DLON/H
   28   44   62   74   82   89   99  110  119  125  130  134  135  131  122  113
  107  105  105  106  110  118  128  140  150  157  163  169  177  187  198  205
  207  201  189  175  161  150  140  131  121  111  102   96   91   85   78   70
   63   57   51   46   41   36   31   25   21   21   25   29   30   27   25   24
   25   26   26   27   27   24   20   20   28
    10.0-180.0 180.0   5.0 450.0                            LAT/LON1/LON2/DLON/H
   26   43   64   79   88   96  107  121  133  140  146  150  151  146  136  126
  121  119  119  120  124  132  144  158  170  179  187  193  199  208  216  221
  221  214  201  185  170  157  146  136  125  114  103   95   88   82   75   69
   64   60   56   50   44   37   29   21   16   16   20   25   26   25   23   22
   22   22   23   26   28   25   20   18   26
     7.5-180.0 180.0   5.0 450.0                            LAT/LON1/LON2/DLON/H
   26   44   67   84   95  104  116  132  145  155  162  168  169  164  154  145
  140  139  140  141  144  152  164  178  191  201  209  215  221  228  234  238
  236  229  215  199  182  167  155  144  132  120  108   98   90   83   76   72
   69   67   64   58   50   41   31   21   15   14   18   22   24   24   24   23
   23   22   23   29   35   34   27   21   26
     5.0-180.0 180.0   5.0 450.0                            LAT/LON1/LON2/DLON/H
   32   47   71   90  102  111  124  141  157  168  178  185  187  183  174  165
  161  162  165  166  169  175  185  198  210  221  229  236  241  246  251  254
  252  245  232  216  198  182  168  156  143  129  116  105   96   89   83   79
   78   78   76   69   60   48   36   26   19   17   19   22   24   26   27   28
   26   24   27   37   49   52   43   32   32
     2.5-180.0 180.0   5.0 450.0                            LAT/LON1/LON2/DLON/H
   41   52   74   96  109  118  131  149  166  179  191  199  204  201  192  185
  182  185  189  191  194  198  206  216  228  238  246  253  258  262  266  269
  268  262  251  234  216  199  184  170  156  141  127  116  107  100   94   91
   91   92   90   82   71   58   46   35   28   25   24   25   26   29   33   35
   33   30   35   51   70   77   66   48   41
