data/电离层参数/2023-11-26/2000112000.00i
       1.0            IONOSPHERE MAPS     GNSS                IONEX VERSION / TYPE
IRIS V2.0           IRIS                20-Mar-16 03:31     PGM / RUN BY / DATE 
WHU'S GLOBAL IONOSPHERE MAPS FOR DAY 001, 2000              COMMENT             
Contact address: Cheng Wang, ac@ionosphere.cn               DESCRIPTION         
Web page:        http://ionosphere.cn                       DESCRIPTION         
ionosphere                                                  COMMENT             
GNSS IRIS 2.0                                               COMMENT             
  2000     1     1     0     0     0                        EPOCH OF FIRST MAP  
  2000     1     2     0     0     0                        EPOCH OF LAST MAP  
  7200                                                      INTERVAL            
    13                                                      # OF MAPS IN FILE   
  MSLM                                                      MAPPING FUNCTION    
Two-way carrier phase leveled to code                       OBSERVABLES USED    
   239                                                      # OF STATIONS       
    28                                                      # OF SATELLITES     
  6371.0                                                    BASE RADIUS         
     2                                                      MAP DIMENSION       
   450.0 450.0   0.0                                        HGT1 / HGT2 / DHGT  
    87.5 -87.5  -2.5                                        LAT1 / LAT2 / DLAT  
  -180.0 180.0   5.0                                        LON1 / LON2 / DLON  
    -1                                                      EXPONENT            
TEC/RMS values in 0.1 TECU; 9999, if no value available     COMMENT             
List of stations:                                           COMMENT             
acor ade1 ais1 alac albh algo alic amc2 ankr aoa1 aoml arp3 COMMENT             
artu atwc auck azry azu1 barb barh bay1 bbry bhr1 bill bjfs COMMENT             
blyt bogo bor1 braz brmu brst brus bshm bucu bzrg cabl cagl COMMENT             
carr cas1 casa casc cat1 ccjm ccv3 cedu cfag cha1 chb1 chil COMMENT             
chl1 chum chur chwk cic1 cit1 clar cmp9 coco coso coyq crfp COMMENT             
cro1 daej darw dgar dhlg drao dubo duck dum1 ebre eil1 eng1 COMMENT             
eprt fair flin gal1 geno gilb glpt glsv gol2 gope gras graz COMMENT             
guam hers hflk hnlc hnpt hob2 hofn holb holp hrm1 iisc irkt COMMENT             
ista jama joen jplm kabr karr kels kely ken1 kerg kir0 kiru COMMENT             
kit3 kod1 kok1 kokb kosg kouc kyw1 lama lamp lasc lhas lhaz COMMENT             
lhue lpgs mad2 mag0 mar6 mars mas1 math maui maw1 mcm4 mdo1 COMMENT             
mdvo medi mem2 mil1 mkea mlf1 mob1 nano neah newl newp nico COMMENT             
nlib noto npri nrc1 ntus nya1 nyal oat2 onsa osn1 palm parc COMMENT             
pbl1 pert petp pie1 pin1 plo3 pol2 psu1 pur3 pvep quin red1 COMMENT             
reyk reyz riga rock sag1 sav1 sch2 scip seat sele sfer shao COMMENT             
shee shk1 sio3 sni1 sol1 spk1 stjo str1 syog tabl thti thu1 COMMENT             
thu2 tixi torp toul tow2 trab trak tskb tubi uclp uclu unpg COMMENT             
upo1 urum usc1 usna usud vaas van1 vene vesl vil0 vill vims COMMENT             
vis0 vndp vtis wel1 wes2 wgtn whc1 whit widc will wis1 wlsn COMMENT             
wslr wsrt wtza wtzz wuhn yakz yell yssk zeck zimm zwen      COMMENT             
                                                            END OF HEADER       
[from data line 429]
    13                                                      START OF TEC MAP    
  2000     1     2     0     0     0                        EPOCH OF CURRENT MAP
    87.5-180.0 180.0   5.0 450.0                            LAT/LON1/LON2/DLON/H
  185  186  186  187  186  186  185  185  183  182  180  179  176  174  172  169
  166  163  160  157  154  151  148  145  142  139  136  134  131  129  127  125
  123  122  120  120  119  119  119  119  119  120  121  122  124  126  127  129
  132  134  136  139  142  144  147  150  152  155  158  161  163  166  168  171
  173  175  177  179  181  182  183  184  185
    85.0-180.0 180.0   5.0 450.0                            LAT/LON1/LON2/DLON/H
  205  207  208  209  209  209  208  207  205  203  200  196  193  188  184  179
  173  168  162  156  151  145  139  133  127  122  116  111  106  102   98   94
   91   89   87   85   84   84   84   85   86   88   91   93   96  100  103  107
  111  115  120  124  129  133  138  143  147  152  156  161  165  169  173  177
  181  185  189  192  195  198  201  203  205
    82.5-180.0 180.0   5.0 450.0                            LAT/LON1/LON2/DLON/H
  211  214  217  219  220  221  221  219  217  214  210  206  200  194  187  181
  173  166  158  151  143  136  128  121  113  106   99   92   86   80   74   69
   65   62   59   58   57   57   58   59   62   65   68   72   77   81   86   91
   96  102  107  112  118  123  128  133  138  144  149  154  159  164  168  173
  178  183  187  192  196  200  204  208  211
    80.0-180.0 180.0   5.0 450.0                            LAT/LON1/LON2/DLON/H
  204  209  214  217  220  222  223  222  220  217  212  205  198  191  182  174
  165  157  148  140  132  125  117  110  102   94   87   79   72   65   59   53
   48   45   42   41   40   41   43   45   49   53   58   62   68   73   78   83
   89   94   99  103  108  113  117  122  126  131  136  140  145  150  155  159
  164  169  174  179  184  189  194  199  204
    77.5-180.0 180.0   5.0 450.0                            LAT/LON1/LON2/DLON/H
  187  194  201  207  213  217  219  219  217  213  206  198  189  179  169  159
  149  140  132  125  119  113  107  101   94   87   80   73   66   59   53   47
   42   38   36   35   36   37   40   44   48   53   59   64   69   74   78   83
   87   90   93   97   99  102  105  108  111  114  118  122  126  130  134  139
  143  148  152  157  163  168  174  181  187
    75.0-180.0 180.0   5.0 450.0                            LAT/LON1/LON2/DLON/H
  166  175  184  194  202  208  213  214  212  206  198  187  175  162  150  138
  128  119  113  107  104  100   97   94   90   85   80   73   67   60   54   48
   44   41   39   39   41   44   48   53   58   63   68   73   77   81   84   86
   88   89   90   91   91   91   92   93   94   96   98  101  104  108  112  116
  120  124  129  134  139  144  151  158  166
    72.5-180.0 180.0   5.0 450.0                            LAT/LON1/LON2/DLON/H
  147  157  169  181  193  202  209  211  209  203  192  178  162  145  129  115
  104   96   91   89   89   89   90   90   88   86   82   77   71   65   59   54
   51   48   48   49   52   56   61   67   72   77   81   85   87   89   90   90
   89   88   87   85   82   80   78   77   76   77   78   80   83   87   92   96
  101  105  110  114  119  124  130  138  147
    70.0-180.0 180.0   5.0 450.0                            LAT/LON1/LON2/DLON/H
  136  147  161  175  190  202  211  215  213  205  192  174  153  132  112   95
   83   75   72   73   76   80   84   87   88   87   85   80   75   70   64   60
   58   57   57   60   64   69   75   80   85   89   92   94   94   94   93   91
   88   85   82   78   74   69   66   63   61   60   61   64   68   72   78   84
   90   95  100  105  109  114  119  126  136
    67.5-180.0 180.0   5.0 450.0                            LAT/LON1/LON2/DLON/H
  137  149  163  179  195  210  221  226  225  215  199  177  152  126  102   82
   68   60   58   60   66   72   79   84   86   87   85   81   76   71   66   63
   61   62   64   67   72   78   83   88   93   95   96   96   94   92   89   86
   83   80   76   71   66   61   56   52   50   49   51   54   59   66   73   82
   90   97  104  110  114  118  123  129  137
    65.0-180.0 180.0   5.0 450.0                            LAT/LON1/LON2/DLON/H
  154  163  176  192  209  225  237  244  242  232  214  189  160  130  102   79
   62   53   51   53   60   67   74   80   82   83   81   77   72   67   63   61
   60   62   65   69   74   80   85   89   91   92   91   89   86   82   79   77
   74   72   69   65   60   55   50   46   44   44   47   52   60   68   79   90
  101  112  121  129  135  139  143  147  154
    62.5-180.0 180.0   5.0 450.0                            LAT/LON1/LON2/DLON/H
  184  191  201  215  231  246  258  264  263  253  234  208  176  143  111   85
   65   54   50   52   57   63   69   73   75   74   72   68   63   59   56   55
   55   58   62   66   71   75   79   81   82   81   78   74   70   66   64   63
   64   64   63   61   57   52   47   44   43   46   51   58   68   79   92  106
  121  136  150  161  170  175  178  180  184
    60.0-180.0 180.0   5.0 450.0                            LAT/LON1/LON2/DLON/H
  226  229  236  245  257  269  279  285  284  274  256  230  198  163  129  100
   78   63   56   54   56   59   62   64   64   62   60   56   52   48   46   46
   48   52   56   60   64   66   68   69   68   65   61   56   51   48   48   50
   54   58   60   60   57   52   48   46   47   52   60   70   82   96  111  128
  146  166  184  200  212  220  223  225  226
    57.5-180.0 180.0   5.0 450.0                            LAT/LON1/LON2/DLON/H
  273  273  275  280  286  293  299  302  301  292  276  252  222  188  154  122
   97   78   67   60   57   55   54   52   50   49   46   44   41   38   38   39
   42   47   51   55   57   57   57   56   54   50   45   39   35   33   35   41
   48   55   60   61   59   55   51   50   53   61   72   85  100  115  132  151
  172  196  219  240  257  267  273  274  273
    55.0-180.0 180.0   5.0 450.0                            LAT/LON1/LON2/DLON/H
  320  318  315  314  315  315  316  316  312  305  292  271  245  214  180  148
  120   98   81   68   59   51   45   40   37   35   34   34   33   32   33   36
   40   46   50   53   53   52   49   47   44   40   34   29   25   24   28   37
   47   57   63   65   62   58   55   55   60   70   84  100  117  134  152  172
  195  221  249  275  296  311  319  321  320
    52.5-180.0 180.0   5.0 450.0                            LAT/LON1/LON2/DLON/H
  359  356  351  346  341  335  330  325  319  312  301  286  264  237  207  176
  146  119   97   78   62   48   37   29   25   24   26   28   30   31   33   37
   43   49   53   55   54   51   48   45   41   38   33   28   24   24   30   40
   52   62   69   70   67   62   58   59   65   78   95  114  132  150  168  188
  212  240  270  300  325  344  355  359  359
    50.0-180.0 180.0   5.0 450.0                            LAT/LON1/LON2/DLON/H
  386  384  379  372  362  352  342  332  324  315  306  294  278  256  231  202
  171  141  114   89   67   48   32   22   17   18   23   28   32   35   38   43
   50   56   61   62   60   56   53   50   47   45   40   36   32   33   39   49
   61   71   77   76   72   65   61   62   70   85  104  125  145  162  180  199
  222  251  283  314  341  362  376  383  386
    47.5-180.0 180.0   5.0 450.0                            LAT/LON1/LON2/DLON/H
  396  397  394  388  379  366  353  339  327  317  308  298  286  271  251  225
  195  163  132  102   76   53   34   21   15   18   25   32   38   43   47   52
   59   66   71   72   70   66   63   61   60   58   55   50   47   48   53   63
   74   82   85   83   77   70   66   67   75   91  111  133  153  171  187  206
  228  257  288  318  345  366  381  391  396
    45.0-180.0 180.0   5.0 450.0                            LAT/LON1/LON2/DLON/H
  392  397  397  395  388  378  364  349  334  321  310  300  291  281  266  245
  217  184  150  117   88   63   41   26   20   22   30   39   46   51   55   61
   69   76   81   82   80   78   75   75   75   74   72   68   65   65   70   79
   88   94   95   91   85   78   74   75   83   98  118  140  160  177  193  210
  232  259  289  316  340  358  373  384  392
    42.5-180.0 180.0   5.0 450.0                            LAT/LON1/LON2/DLON/H
  378  385  390  393  393  388  377  362  344  327  313  302  294  288  279  262
  236  203  167  134  104   78   56   39   31   31   38   46   53   57   62   68
   76   83   88   90   89   88   87   88   89   89   87   85   82   83   87   94
  101  105  105  101   95   89   86   87   94  108  127  148  167  182  197  214
  236  263  291  315  333  347  358  369  378
    40.0-180.0 180.0   5.0 450.0                            LAT/LON1/LON2/DLON/H
  361  370  378  387  395  397  391  378  359  338  319  305  297  293  288  276
  252  219  183  150  122   97   74   56   45   42   46   52   56   60   65   73
   81   88   92   94   95   95   96   97   98   99   98   96   95   97  102  108
  113  116  115  113  109  105  102  103  109  121  138  157  174  189  202  219
  243  271  299  319  331  339  346  353  361
    37.5-180.0 180.0   5.0 450.0                            LAT/LON1/LON2/DLON/H
  353  360  370  384  399  408  407  395  375  352  329  311  301  298  297  287
  265  231  195  164  139  117   95   75   60   54   53   55   56   59   65   74
   84   91   94   96   97   99  102  103  103  103  103  103  104  108  113  119
  124  126  126  125  124  122  121  122  126  137  152  169  184  197  209  227
  254  285  314  333  341  343  344  348  353
    35.0-180.0 180.0   5.0 450.0                            LAT/LON1/LON2/DLON/H
  361  366  375  391  410  424  425  413  392  366  341  320  308  305  305  297
  275  241  205  175  153  134  113   92   75   65   60   58   56   57   64   76
   87   94   96   96   98  101  104  105  104  102  103  105  109  115  122  129
  133  135  137  138  139  139  139  139  143  152  167  183  197  208  219  237
  267  304  338  359  366  364  361  360  361
    32.5-180.0 180.0   5.0 450.0                            LAT/LON1/LON2/DLON/H
  394  394  401  417  437  450  448  432  407  380  354  332  318  314  314  306
  283  248  212  183  164  147  128  106   88   77   69   63   57   57   66   80
   93   99   98   97   99  103  106  106  103  101  102  106  113  121  130  136
  140  142  145  149  151  152  151  151  156  166  181  197  211  221  231  249
  283  327  369  396  405  403  398  395  394
    30.0-180.0 180.0   5.0 450.0                            LAT/LON1/LON2/DLON/H
  450  448  453  466  482  488  476  451  420  392  367  346  332  326  324  315
  291  254  217  189  170  155  137  118  101   91   83   74   66   64   73   89
  104  108  105  100  101  106  110  109  105  102  103  108  117  127  136  142
  145  147  151  155  158  157  155  156  162  175  192  211  226  236  244  262
  298  349  402  439  454  457  455  453  450
    27.5-180.0 180.0   5.0 450.0                            LAT/LON1/LON2/DLON/H
  525  524  528  539  548  541  513  471  432  403  382  364  349  341  336  325
  300  262  224  195  176  161  144  128  116  110  105   96   85   80   88  105
  119  121  114  107  107  113  118  116  112  108  109  114  123  133  141  145
  146  148  151  155  156  152  149  151  160  177  199  222  241  251  258  273
  310  368  432  481  507  517  522  524  525
    25.0-180.0 180.0   5.0 450.0                            LAT/LON1/LON2/DLON/H
  607  610  617  627  629  607  557  496  446  415  399  384  370  358  350  337
  311  274  235  205  184  168  153  140  136  137  137  129  115  106  110  125
  138  137  127  117  116  123  129  128  123  119  119  124  131  139  144  146
  145  144  146  148  146  139  134  138  152  174  201  229  253  266  272  283
  319  381  455  517  555  575  588  600  607
    22.5-180.0 180.0   5.0 450.0                            LAT/LON1/LON2/DLON/H
  681  693  707  720  716  679  607  525  463  432  420  410  394  378  365  350
  326  291  254  223  200  182  167  160  163  173  180  173  156  141  139  149
  158  154  140  128  127  135  142  142  138  134  133  135  138  142  145  143
  139  136  136  136  129  119  114  121  141  168  199  232  262  279  284  292
  323  387  469  541  590  620  643  664  681
    20.0-180.0 180.0   5.0 450.0                            LAT/LON1/LON2/DLON/H
  734  756  779  798  794  746  657  558  487  456  449  441  423  401  383  367
  346  316  282  252  227  207  193  190  200  218  230  225  204  182  172  174
  176  169  152  139  138  146  154  156  152  148  146  144  143  142  141  137
  130  125  123  120  111   98   93  105  130  162  196  232  267  290  296  299
  325  387  473  552  609  646  677  707  734
    17.5-180.0 180.0   5.0 450.0                            LAT/LON1/LON2/DLON/H
  754  786  819  847  848  797  699  592  517  488  486  480  457  427  403  387
  370  348  320  291  266  246  233  233  246  268  282  278  254  224  203  196
  191  179  161  147  147  155  164  166  163  158  154  148  142  138  135  129
  121  114  110  105   93   80   78   95  126  160  193  230  269  297  306  306
  326  384  469  552  612  652  686  721  754
    15.0-180.0 180.0   5.0 450.0                            LAT/LON1/LON2/DLON/H
  741  776  816  854  865  821  726  621  551  529  531  524  496  457  427  410
  399  384  364  340  317  298  287  286  299  317  330  324  298  262  231  213
  201  186  167  154  153  161  168  169  166  161  155  146  136  130  126  121
  112  104   99   93   81   69   71   94  130  164  193  227  268  302  315  313
  327  380  463  545  603  641  673  708  741
    12.5-180.0 180.0   5.0 450.0                            LAT/LON1/LON2/DLON/H
  701  730  770  815  839  810  731  641  584  573  580  572  538  491  455  436
  430  424  411  394  376  360  350  347  351  361  367  359  331  292  254  227
  208  190  171  158  157  164  168  166  161  155  148  137  126  120  118  114
  107   99   94   88   77   67   74  104  143  175  197  226  266  305  322  321
  332  380  458  536  590  622  647  674  701
    10.0-180.0 180.0   5.0 450.0                            LAT/LON1/LON2/DLON/H
  647  662  693  739  774  766  713  648  613  615  629  621  581  528  486  466
  462  462  458  448  436  426  417  407  399  393  389  378  352  313  271  238
  213  193  175  163  161  164  164  159  151  144  136  126  116  111  112  112
  106   99   94   89   79   73   86  121  163  191  206  226  264  306  328  331
  341  385  460  532  580  604  620  635  647
     7.5-180.0 180.0   5.0 450.0                            LAT/LON1/LON2/DLON/H
  599  592  604  642  685  699  676  642  632  651  672  665  624  567  522  499
  495  498  499  495  491  487  479  461  435  410  393  380  360  326  285  248
  221  199  181  170  167  166  161  150  139  131  124  115  108  106  111  114
  111  104  100   95   88   85  102  142  185  210  216  228  262  305  333  340
  353  396  468  537  579  598  605  606  599
     5.0-180.0 180.0   5.0 450.0                            LAT/LON1/LON2/DLON/H
  574  541  528  551  594  626  631  627  640  674  703  700  661  607  560  534
  527  529  531  533  535  537  528  500  456  412  383  370  358  334  298  261
  232  210  192  180  175  171  162  146  132  123  117  111  106  107  115  121
  119  113  109  105  100  100  120  162  206  228  228  232  261  305  337  350
  366  412  482  548  590  607  611  601  574
     2.5-180.0 180.0   5.0 450.0                            LAT/LON1/LON2/DLON/H
  584  527  487  490  527  567  592  610  640  683  718  722  691  643  599  570
  557  554  555  558  564  569  559  522  462  402  364  354  353  340  311  277
  248  225  207  194  187  182  169  150  133  123  119  114  111  114  123  130
  129  123  119  115  111  114  135  178  221  241  238  237  262  304  338  357
  379  427  497  563  608  631  639  626  584
