data/电离层参数/2023-11-26/200012000.00i
       1.0            IONOSPHERE MAPS     GNSS                IONEX VERSION / TYPE
IRIS V2.0           IRIS                20-Mar-16 03:31     PGM / RUN BY / DATE 
WHU'S GLOBAL IONOSPHERE MAPS FOR DAY 001, 2000              COMMENT             
Contact address: Cheng Wang, ac@ionosphere.cn               DESCRIPTION         
Web page:        http://ionosphere.cn                       DESCRIPTION         
ionosphere                                                  COMMENT             
GNSS IRIS 2.0                                               COMMENT             
  2000     1     1     0     0     0                        EPOCH OF FIRST MAP  
  2000     1     2     0     0     0                        EPOCH OF LAST MAP  
  7200                                                      INTERVAL            
    13                                                      # OF MAPS IN FILE   
  MSLM                                                      MAPPING FUNCTION    
Two-way carrier phase leveled to code                       OBSERVABLES USED    
   239                                                      # OF STATIONS       
    28                                                      # OF SATELLITES     
  6371.0                                                    BASE RADIUS         
     2                                                      MAP DIMENSION       
   450.0 450.0   0.0                                        HGT1 / HGT2 / DHGT  
    87.5 -87.5  -2.5                                        LAT1 / LAT2 / DLAT  
  -180.0 180.0   5.0                                        LON1 / LON2 / DLON  
    -1                                                      EXPONENT            
TEC/RMS values in 0.1 TECU; 9999, if no value available     COMMENT             
List of stations:                                           COMMENT             
acor ade1 ais1 alac albh algo alic amc2 ankr aoa1 aoml arp3 COMMENT             
artu atwc auck azry azu1 barb barh bay1 bbry bhr1 bill bjfs COMMENT             
blyt bogo bor1 braz brmu brst brus bshm bucu bzrg cabl cagl COMMENT             
carr cas1 casa casc cat1 ccjm ccv3 cedu cfag cha1 chb1 chil COMMENT             
chl1 chum chur chwk cic1 cit1 clar cmp9 coco coso coyq crfp COMMENT             
cro1 daej darw dgar dhlg drao dubo duck dum1 ebre eil1 eng1 COMMENT             
eprt fair flin gal1 geno gilb glpt glsv gol2 gope gras graz COMMENT             
guam hers hflk hnlc hnpt hob2 hofn holb holp hrm1 iisc irkt COMMENT             
ista jama joen jplm kabr karr kels kely ken1 kerg kir0 kiru COMMENT             
kit3 kod1 kok1 kokb kosg kouc kyw1 lama lamp lasc lhas lhaz COMMENT             
lhue lpgs mad2 mag0 mar6 mars mas1 math maui maw1 mcm4 mdo1 COMMENT             
mdvo medi mem2 mil1 mkea mlf1 mob1 nano neah newl newp nico COMMENT             
nlib noto npri nrc1 ntus nya1 nyal oat2 onsa osn1 palm parc COMMENT             
pbl1 pert petp pie1 pin1 plo3 pol2 psu1 pur3 pvep quin red1 COMMENT             
reyk reyz riga rock sag1 sav1 sch2 scip seat sele sfer shao COMMENT             
shee shk1 sio3 sni1 sol1 spk1 stjo str1 syog tabl thti thu1 COMMENT             
thu2 tixi torp toul tow2 trab trak tskb tubi uclp uclu unpg COMMENT             
upo1 urum usc1 usna usud vaas van1 vene vesl vil0 vill vims COMMENT             
vis0 vndp vtis wel1 wes2 wgtn whc1 whit widc will wis1 wlsn COMMENT             
wslr wsrt wtza wtzz wuhn yakz yell yssk zeck zimm zwen      COMMENT             
                                                            END OF HEADER       
[from data line 743]
   1                                                      START OF TEC MAP    
  2000     1     1     0     0     0                        EPOCH OF CURRENT MAP
    87.5-180.0 180.0   5.0 450.0                            LAT/LON1/LON2/DLON/H
   59   60   61   61   62   63   64   64   65   66   67   67   68   68   69   69
   69   69   69   69   69   68   68   67   66   66   65   64   63   62   61   61
   60   59   59   58   58   57   57   56   56   56   56   56   56   56   56   56
   56   56   56   56   56   56   56   56   56   56   56   56   56   56   56   56
   56   57   57   57   57   58   58   59   59
    85.0-180.0 180.0   5.0 450.0                            LAT/LON1/LON2/DLON/H
   56   57   59   60   62   64   66   68   70   72   74   76   78   79   81   82
   82   83   83   82   81   80   79   77   75   72   70   68   65   63   61   59
   57   56   55   54   53   53   53   53   53   53   54   54   55   55   55   56
   56   56   56   56   56   56   56   56   56   56   56   56   55   55   55   54
   54   54   54   54   54   54   55   55   56
    82.5-180.0 180.0   5.0 450.0                            LAT/LON1/LON2/DLON/H
   54   55   57   60   62   65   69   72   75   79   82   85   88   91   93   95
   97   98   98   98   97   95   92   89   85   80   76   71   67   62   59   56
   53   52   51   50   50   51   52   53   54   55   56   56   57   58   58   59
   59   59   60   60   60   60   60   60   60   59   59   58   58   57   56   55
   54   54   53   52   52   52   52   53   54
    80.0-180.0 180.0   5.0 450.0                            LAT/LON1/LON2/DLON/H
   55   57   59   62   66   70   74   78   82   85   89   93   96   99  103  106
  108  110  112  112  112  110  107  102   96   90   83   76   69   63   57   53
   51   49   49   50   51   53   55   57   59   61   62   63   64   64   64   64
   64   64   64   64   64   64   64   64   64   64   64   64   63   62   61   60
   59   57   56   55   54   53   53   54   55
    77.5-180.0 180.0   5.0 450.0                            LAT/LON1/LON2/DLON/H
   63   65   69   72   76   80   84   88   91   94   96   99  101  103  106  109
  112  116  119  122  124  124  121  117  110  102   92   82   73   65   58   54
   51   51   52   54   57   61   64   67   69   71   72   73   73   72   72   71
   70   69   69   68   68   68   68   68   69   69   70   70   70   70   69   68
   67   65   64   62   61   60   60   61   63
    75.0-180.0 180.0   5.0 450.0                            LAT/LON1/LON2/DLON/H
   79   82   86   90   95   99  102  104  106  106  105  103  102  101  101  103
  107  112  118  125  130  134  135  132  125  116  104   92   80   70   63   58
   56   57   60   64   68   73   76   79   81   82   83   82   81   80   78   77
   75   73   72   71   70   70   71   71   72   73   75   76   77   78   78   78
   78   77   76   75   74   74   74   76   79
    72.5-180.0 180.0   5.0 450.0                            LAT/LON1/LON2/DLON/H
  100  105  110  115  119  123  125  126  125  121  116  109  101   95   90   89
   91   97  107  119  130  139  145  145  141  131  119  104   90   79   70   66
   65   67   71   76   81   85   88   90   91   91   90   89   87   85   82   80
   78   76   74   72   72   72   72   73   74   76   78   80   82   84   86   87
   89   89   90   90   90   91   93   96  100
    70.0-180.0 180.0   5.0 450.0                            LAT/LON1/LON2/DLON/H
  124  130  136  141  146  149  150  149  146  139  129  116  102   88   77   70
   69   75   88  104  122  138  150  156  154  146  133  117  101   88   79   75
   75   78   83   88   92   95   96   95   94   93   91   90   88   86   83   81
   78   76   74   73   72   72   73   74   75   77   79   81   84   87   91   94
   97  100  103  105  107  110  114  118  124
    67.5-180.0 180.0   5.0 450.0                            LAT/LON1/LON2/DLON/H
  145  152  158  163  167  169  170  169  165  157  145  128  108   86   67   52
   46   50   63   84  107  131  149  160  162  156  143  127  110   96   87   82
   83   86   91   95   97   97   95   92   89   87   86   85   84   82   81   79
   76   74   73   72   71   72   73   74   75   76   78   80   83   87   92   97
  103  108  113  117  121  126  132  138  145
    65.0-180.0 180.0   5.0 450.0                            LAT/LON1/LON2/DLON/H
  160  167  172  176  178  179  180  180  178  172  161  144  120   92   65   42
   29   29   40   62   89  117  141  157  163  159  147  131  114   99   90   86
   87   90   93   95   94   90   85   80   76   74   74   75   76   76   75   74
   72   70   69   69   70   71   72   74   75   76   77   78   80   84   90   97
  105  113  120  126  132  138  145  152  160
    62.5-180.0 180.0   5.0 450.0                            LAT/LON1/LON2/DLON/H
  167  173  176  177  177  176  177  179  182  182  177  163  139  108   74   44
   23   16   23   42   70   99  125  144  153  152  142  127  111   97   87   84
   85   87   89   88   84   77   69   63   59   59   61   64   67   68   68   67
   66   65   64   65   67   69   72   74   76   76   76   75   77   80   87   96
  106  116  125  133  139  146  152  160  167
    60.0-180.0 180.0   5.0 450.0                            LAT/LON1/LON2/DLON/H
  168  172  172  169  165  162  163  169  178  187  190  183  164  133   95   59
   30   16   16   30   53   79  104  122  133  134  127  114  100   87   79   76
   77   79   80   78   71   61   52   46   43   45   49   55   59   61   62   61
   59   58   59   61   64   68   72   75   77   77   75   74   74   77   85   96
  109  121  132  140  146  151  157  162  168
    57.5-180.0 180.0   5.0 450.0                            LAT/LON1/LON2/DLON/H
  167  168  165  158  150  144  145  153  169  187  201  204  191  162  124   84
   50   28   21   27   41   60   79   94  104  108  104   95   83   72   65   63
   65   68   70   66   59   49   40   34   34   38   44   51   55   57   56   55
   53   53   54   57   61   66   72   76   79   79   77   74   74   77   86  100
  116  132  144  152  156  159  162  165  167
    55.0-180.0 180.0   5.0 450.0                            LAT/LON1/LON2/DLON/H
  171  168  161  151  140  131  131  141  162  188  211  222  216  192  155  114
   77   51   36   33   37   44   54   64   72   77   78   73   64   56   50   50
   53   58   61   59   53   44   36   33   34   40   47   53   56   56   53   51
   50   50   53   56   61   67   73   78   81   82   80   77   77   82   93  111
  131  151  165  172  174  173  172  172  171
    52.5-180.0 180.0   5.0 450.0                            LAT/LON1/LON2/DLON/H
  183  177  168  155  142  132  130  140  163  192  220  238  237  217  183  144
  107   79   59   47   40   35   33   36   41   48   53   52   47   41   37   38
   44   52   58   59   55   49   44   43   46   51   57   61   61   58   54   52
   51   53   56   60   65   70   75   80   84   85   84   83   84   91  107  129
  155  179  195  203  203  198  192  188  183
    50.0-180.0 180.0   5.0 450.0                            LAT/LON1/LON2/DLON/H
  207  199  188  174  161  150  147  155  175  204  232  250  252  234  204  168
  134  107   86   67   50   33   20   15   18   26   34   38   36   32   30   33
   41   52   61   66   66   63   61   61   64   69   72   72   69   64   59   57
   58   62   66   70   74   77   81   85   88   89   90   90   94  105  125  154
  185  214  234  242  240  233  223  215  207
    47.5-180.0 180.0   5.0 450.0                            LAT/LON1/LON2/DLON/H
  242  231  219  206  194  184  180  185  199  222  246  261  260  244  216  184
  155  131  111   89   65   39   17    6    7   16   27   33   34   30   29   34
   44   58   70   78   81   82   82   83   85   88   88   84   78   72   67   67
   70   76   81   85   87   88   90   92   94   95   97  100  108  123  148  182
  219  253  276  286  284  276  264  253  242
    45.0-180.0 180.0   5.0 450.0                            LAT/LON1/LON2/DLON/H
  285  271  258  246  236  227  222  222  229  244  260  269  265  247  221  193
  170  151  133  111   83   52   25   10    9   18   31   38   39   36   36   41
   53   67   81   91   96   99  101  102  104  103  100   95   87   81   79   81
   86   93   99  103  103  102  102  101  102  104  107  113  125  145  174  212
  253  290  317  329  329  322  310  298  285
    42.5-180.0 180.0   5.0 450.0                            LAT/LON1/LON2/DLON/H
  329  312  296  284  275  268  261  256  256  263  273  276  268  249  223  199
  179  164  150  130  103   71   42   24   22   32   44   51   51   48   48   53
   64   78   90  100  106  110  113  115  115  113  108  102   96   91   91   96
  103  111  117  120  120  118  116  114  114  116  121  130  146  169  201  241
  283  321  350  365  369  365  356  344  329
    40.0-180.0 180.0   5.0 450.0                            LAT/LON1/LON2/DLON/H
  370  349  329  314  304  296  286  276  272  274  280  281  271  251  226  204
  187  174  162  146  121   92   64   47   44   52   63   68   66   62   62   67
   76   86   95  102  108  113  117  119  119  116  112  106  102  101  104  109
  117  125  130  133  133  132  130  129  129  131  138  151  170  197  229  267
  306  343  371  389  398  399  396  386  370
    37.5-180.0 180.0   5.0 450.0                            LAT/LON1/LON2/DLON/H
  404  378  352  332  319  307  293  279  271  273  280  282  274  255  232  211
  194  182  171  157  138  113   88   72   69   75   82   83   79   75   75   80
   87   92   95   98  103  109  115  118  118  116  112  109  108  109  114  119
  126  132  136  139  141  142  143  145  146  150  160  176  199  227  258  291
  324  355  382  401  414  423  426  420  404
    35.0-180.0 180.0   5.0 450.0                            LAT/LON1/LON2/DLON/H
  430  401  368  341  321  304  283  265  256  261  274  282  278  263  242  222
  204  189  177  166  151  132  110   95   91   94   97   95   89   85   87   92
   95   95   93   92   96  103  111  116  117  115  112  111  112  115  120  124
  128  131  135  138  142  148  153  158  164  171  184  204  230  259  287  313
  337  361  383  403  421  436  446  446  430
    32.5-180.0 180.0   5.0 450.0                            LAT/LON1/LON2/DLON/H
  451  420  382  348  322  297  270  246  237  248  268  283  284  272  254  234
  214  195  181  172  162  147  128  113  107  108  108  103   95   92   96  102
  104   99   92   89   92  102  112  119  121  119  115  114  115  119  122  124
  124  125  127  132  138  147  158  168  179  191  208  232  262  292  316  334
  348  363  381  400  421  443  460  465  451
    30.0-180.0 180.0   5.0 450.0                            LAT/LON1/LON2/DLON/H
  472  441  401  365  334  303  269  240  230  244  269  289  292  282  266  246
  223  200  183  175  170  159  141  125  118  118  117  109  100   99  105  113
  115  108   99   95  100  111  124  133  134  130  123  118  117  119  120  119
  117  116  118  123  131  142  157  173  190  208  230  259  292  322  344  355
  361  368  382  401  423  449  472  482  472
    27.5-180.0 180.0   5.0 450.0                            LAT/LON1/LON2/DLON/H
  497  471  434  399  369  336  297  263  250  263  288  305  306  294  278  257
  231  203  184  177  176  167  150  134  127  129  128  119  110  109  118  130
  133  127  118  115  122  136  150  158  157  148  135  125  119  117  115  113
  109  108  110  114  122  134  150  171  194  219  247  280  317  349  369  376
  377  380  392  410  434  461  487  502  497
    25.0-180.0 180.0   5.0 450.0                            LAT/LON1/LON2/DLON/H
  530  511  482  456  434  405  367  328  309  314  330  337  328  311  292  270
  239  206  184  179  181  175  158  143  140  147  149  140  129  128  139  154
  161  157  151  151  160  173  186  192  187  172  151  132  119  114  111  108
  105  104  106  110  115  124  140  164  193  224  258  295  334  369  391  397
  397  400  413  434  458  484  510  529  530
    22.5-180.0 180.0   5.0 450.0                            LAT/LON1/LON2/DLON/H
  570  561  544  533  525  510  477  436  408  399  398  387  363  337  313  287
  251  211  186  182  187  183  168  157  163  178  186  177  162  158  170  188
  199  199  197  199  207  218  227  230  219  196  166  138  120  111  109  107
  105  106  108  109  110  114  128  153  188  225  263  302  343  381  406  417
  420  428  447  471  495  519  543  563  570
    20.0-180.0 180.0   5.0 450.0                            LAT/LON1/LON2/DLON/H
  615  615  612  618  632  635  614  575  537  511  487  454  413  376  348  317
  272  223  191  187  195  195  184  181  199  228  241  231  209  200  211  230
  244  248  249  252  257  262  265  262  246  217  178  143  120  112  110  111
  111  112  114  113  108  107  116  143  181  223  264  304  346  386  417  433
  444  460  487  518  543  563  584  604  615
    17.5-180.0 180.0   5.0 450.0                            LAT/LON1/LON2/DLON/H
  660  666  675  697  733  760  757  723  676  631  584  530  476  433  401  363
  306  244  204  197  208  211  207  217  252  294  314  299  268  251  258  277
  292  298  301  301  300  296  290  282  263  229  186  147  123  116  117  119
  120  121  121  117  108  102  109  136  177  223  264  303  344  387  422  446
  465  492  529  567  594  612  628  646  660
    15.0-180.0 180.0   5.0 450.0                            LAT/LON1/LON2/DLON/H
  698  706  720  754  809  860  876  851  799  738  673  606  547  505  474  429
  357  278  225  214  225  233  238  263  316  372  395  373  330  303  304  320
  334  341  342  338  328  313  299  286  266  232  188  149  128  124  129  132
  131  129  126  120  110  102  108  136  180  227  268  304  343  385  425  456
  482  517  564  610  641  657  669  684  698
    12.5-180.0 180.0   5.0 450.0                            LAT/LON1/LON2/DLON/H
  724  729  740  778  844  913  949  934  881  811  738  669  617  586  561  511
  423  325  257  239  249  261  276  315  384  451  472  439  384  346  340  353
  365  369  368  358  338  312  290  274  256  226  187  153  136  137  144  146
  141  134  127  120  112  107  115  144  189  237  276  309  344  386  428  462
  493  534  587  640  675  691  700  713  724
    10.0-180.0 180.0   5.0 450.0                            LAT/LON1/LON2/DLON/H
  736  733  734  764  832  912  962  959  909  839  768  711  678  667  653  600
  498  381  299  272  280  294  316  366  446  516  531  485  417  371  360  369
  377  379  375  361  333  299  271  254  240  216  185  158  149  154  162  161
  150  136  125  119  115  116  128  159  205  252  290  319  351  392  433  467
  497  538  594  651  690  708  718  729  736
     7.5-180.0 180.0   5.0 450.0                            LAT/LON1/LON2/DLON/H
  735  723  708  722  780  860  919  925  883  820  762  726  721  736  737  685
  573  442  347  313  316  330  355  410  491  555  558  498  420  370  358  365
  371  371  367  352  321  282  251  234  224  208  186  168  165  174  180  174
  156  136  122  118  120  129  147  180  225  270  306  333  364  402  440  470
  495  532  586  644  687  709  721  732  735
     5.0-180.0 180.0   5.0 450.0                            LAT/LON1/LON2/DLON/H
  726  704  672  664  704  776  835  849  817  767  728  718  743  784  801  752
  636  499  399  359  358  367  389  439  511  559  545  473  391  343  334  342
  348  351  350  340  313  274  241  225  218  208  193  183  185  194  198  187
  163  137  121  119  128  144  168  201  244  286  321  349  379  415  450  473
  489  517  565  622  668  694  711  725  726
     2.5-180.0 180.0   5.0 450.0                            LAT/LON1/LON2/DLON/H
  714  686  640  610  629  685  740  757  737  702  683  698  747  807  835  793
  680  546  449  409  404  406  417  452  503  527  493  412  333  294  294  308
  318  326  336  337  318  283  251  233  226  219  209  204  208  215  214  198
  170  142  124  123  137  160  187  220  258  297  331  361  392  428  458  474
  480  497  537  591  638  669  692  711  714
