data/电离层参数/2024-01-16/TECU(buag)-2023.01.05-2023.01.06.txt
     1.0            IONOSPHERE MAPS     GNSS                IONEX VERSION / TYPE
IRIS V2.0           IRIS                07-Jan-23 11:02     PGM / RUN BY / DATE 
BUAA'S GLOBAL IONOSPHERE MAPS FOR DAY 005, 2023             COMMENT             
Contact address: Cheng WANG, acheng@buaa.edu.cn             DESCRIPTION         
Web page:        http://ionosphere.cn                       DESCRIPTION         
STAR Labs at Beihang University                             COMMENT             
FLASH Pro from STAR Labs @BUAA                              COMMENT             
  2023     1     5     0     0     0                        EPOCH OF FIRST MAP  
  2023     1     6     0     0     0                        EPOCH OF LAST MAP  
  3600                                                      INTERVAL            
    25                                                      # OF MAPS IN FILE   
  MSLM                                                      MAPPING FUNCTION    
Two-way carrier phase leveled to code                       OBSERVABLES USED    
   152                                                      # OF STATIONS       
    30                                                      # OF SATELLITES     
  6371.0                                                    BASE RADIUS         
     2                                                      MAP DIMENSION       
   450.0 450.0   0.0                                        HGT1 / HGT2 / DHGT  
    87.5 -87.5  -2.5                                        LAT1 / LAT2 / DLAT  
  -180.0 180.0   5.0                                        LON1 / LON2 / DLON  
    -1                                                      EXPONENT            
TEC/RMS values in 0.1 TECU; 9999, if no value available     COMMENT             
List of stations:                                           COMMENT             
abpo albh alg3 algo areq aspa auck badg baie bake bamf barh COMMENT             
bcov bill bjfs blyt bogt brew chan chil chpi chti chu2 chum COMMENT             
chur chwk cit1 clrs cmp9 cnmr coso crfp cro1 cusv daej dgar COMMENT             
dhlg dra3 dra4 drao dubo dund escu eur2 fair falk frdn glps COMMENT             
gode godz gol2 gold guam guug hlfx holb holp hrao hyde iisc COMMENT             
ineg invk iqal irkj jplm kokb kokv lbch mad2 madr mana mayg COMMENT             
mbar mcm4 mdo1 mdvj mkea monp morp mqzg mtka nano nlib novm COMMENT             
nrc1 opmt palm picl pie1 pimo pin1 pol2 pove prd2 prd3 prds COMMENT             
ptag ptal ptrf qaq1 quad quin ramo rdsd riga riop rock sask COMMENT             
sc04 sch2 scip scor sfdm she2 sthl stj2 stjo suth svtl tabl COMMENT             
tfno thu2 tidb torp trak tukt uclu ufpr unbj usn7 usud vacs COMMENT             
vald vndp wab2 wark wes2 wgtn whc1 whit widc will wlsn wtza COMMENT             
yel3 yell ykro yons zamb zeck zim2 zimm                     COMMENT             
                                                            END OF HEADER       
[from data line 1716]
     5                                                      START OF TEC MAP    
  2023     1     5     4     0     0                        EPOCH OF CURRENT MAP
    87.5-180.0 180.0   5.0 450.0                            LAT/LON1/LON2/DLON/H
   77   75   74   72   71   70   69   67   66   66   65   64   64   63   63   63
   63   63   63   63   64   64   65   65   66   67   68   69   71   72   73   75
   76   78   79   81   82   83   85   86   87   88   89   90   91   92   92   93
   93   94   94   94   94   94   94   94   94   93   93   92   92   91   90   89
   88   87   86   84   83   82   80   78   77
    85.0-180.0 180.0   5.0 450.0                            LAT/LON1/LON2/DLON/H
   74   71   68   65   62   59   57   55   54   53   52   51   50   50   50   50
   50   50   50   50   50   51   52   53   54   55   57   59   61   64   67   69
   72   75   78   81   84   87   89   91   93   95   96   97   98   98   99   99
   99   99   99   99  100  100  100  100  101  101  101  101  101  100   99   98
   97   95   92   90   87   84   81   77   74
    82.5-180.0 180.0   5.0 450.0                            LAT/LON1/LON2/DLON/H
   72   67   62   57   53   50   47   45   44   43   43   43   44   44   45   45
   45   45   45   45   45   44   44   45   45   47   48   51   54   57   61   65
   69   74   78   83   87   90   93   95   97   98   98   98   98   97   96   95
   94   93   93   93   93   94   95   97   99  101  103  104  106  107  107  107
  106  104  101   98   93   89   83   78   72
    80.0-180.0 180.0   5.0 450.0                            LAT/LON1/LON2/DLON/H
   73   65   58   51   46   42   39   37   37   38   40   42   44   47   49   50
   51   51   50   49   47   45   44   43   42   42   44   46   49   53   58   63
   69   75   80   85   90   93   96   97   98   97   96   94   91   88   84   81
   79   77   76   75   76   78   81   85   89   94   99  104  108  112  115  116
  116  115  112  108  103   96   89   81   73
    77.5-180.0 180.0   5.0 450.0                            LAT/LON1/LON2/DLON/H
   77   67   57   48   42   37   34   33   34   37   41   46   51   55   59   62
   63   63   61   59   56   52   49   46   44   43   44   46   49   54   59   65
   71   78   84   89   93   96   97   97   95   93   89   84   78   72   66   61
   57   54   52   52   54   58   63   69   77   85   94  102  110  117  123  126
  128  128  126  121  115  107   98   88   77
    75.0-180.0 180.0   5.0 450.0                            LAT/LON1/LON2/DLON/H
   83   71   59   49   40   35   32   31   34   38   45   52   59   66   71   75
   77   76   74   71   67   62   57   53   50   49   49   51   54   59   64   71
   77   83   88   92   95   96   95   93   89   84   77   70   62   54   46   39
   34   31   30   31   34   40   48   57   68   79   91  103  114  123  131  137
  140  141  139  135  128  119  108   96   83
    72.5-180.0 180.0   5.0 450.0                            LAT/LON1/LON2/DLON/H
   91   77   63   52   42   36   32   32   35   40   47   56   65   73   79   84
   86   86   84   80   75   70   65   61   58   57   57   59   62   67   72   78
   83   88   91   93   94   93   90   86   80   72   64   55   45   36   28   21
   17   15   15   19   24   33   43   55   68   82   95  108  121  131  140  146
  150  151  150  145  138  129  117  104   91
    70.0-180.0 180.0   5.0 450.0                            LAT/LON1/LON2/DLON/H
   97   83   69   57   46   39   35   34   36   41   48   57   65   74   80   85
   88   88   86   83   79   75   71   68   66   65   66   68   71   74   79   83
   86   89   90   90   88   85   80   74   67   59   50   40   31   23   16   11
    9   10   13   19   28   39   51   65   79   93  107  120  131  141  149  154
  157  157  155  151  144  134  123  110   97
    67.5-180.0 180.0   5.0 450.0                            LAT/LON1/LON2/DLON/H
  100   86   73   61   51   43   38   36   37   40   46   53   60   68   74   79
   81   82   81   79   76   74   72   71   71   71   72   74   76   78   81   83
   84   85   84   81   77   72   66   60   53   45   37   30   22   16   12   10
   12   16   24   33   45   59   72   86  100  113  125  136  145  152  157  159
  160  159  156  150  144  135  124  113  100
    65.0-180.0 180.0   5.0 450.0                            LAT/LON1/LON2/DLON/H
   99   87   76   65   56   48   42   39   38   39   42   46   52   58   63   67
   70   71   71   70   70   70   70   71   73   74   74   75   75   76   76   76
   75   73   71   67   62   56   50   45   40   34   29   23   19   16   15   17
   23   31   43   57   71   86  101  115  127  138  147  155  160  163  165  164
  162  158  153  147  140  131  122  111   99
    62.5-180.0 180.0   5.0 450.0                            LAT/LON1/LON2/DLON/H
   97   86   76   67   59   52   46   41   38   37   37   39   43   47   51   54
   57   59   60   61   62   64   66   69   71   72   72   71   69   66   64   62
   60   57   53   49   44   40   36   32   30   27   25   22   20   20   22   28
   38   51   66   83  100  116  131  144  154  163  169  173  175  175  173  169
  164  158  151  144  136  127  118  108   97
    60.0-180.0 180.0   5.0 450.0                            LAT/LON1/LON2/DLON/H
   96   86   77   68   61   55   48   43   38   35   33   34   36   39   42   45
   48   50   51   53   55   58   62   65   67   67   65   61   57   52   48   44
   41   39   36   33   29   26   25   24   25   25   26   26   26   28   32   41
   54   70   88  106  124  141  155  167  177  183  187  189  189  187  183  178
  171  164  155  147  137  128  117  107   96
    57.5-180.0 180.0   5.0 450.0                            LAT/LON1/LON2/DLON/H
  100   89   80   72   65   58   52   45   39   34   32   31   32   35   38   41
   44   46   47   49   51   54   57   60   61   59   56   50   43   36   31   27
   24   23   22   21   20   20   20   23   26   29   31   33   34   37   43   53
   67   85  104  123  141  158  172  183  192  198  201  202  201  199  196  191
  184  176  167  158  147  136  124  112  100
    55.0-180.0 180.0   5.0 450.0                            LAT/LON1/LON2/DLON/H
  111   99   88   80   72   64   56   48   40   35   32   32   33   36   39   42
   44   46   47   48   49   51   52   54   53   51   46   40   32   24   19   15
   14   15   16   18   19   21   24   28   33   37   40   42   43   46   53   64
   79   97  115  134  151  167  181  193  202  207  211  212  212  212  210  207
  202  196  188  178  167  154  140  125  111
    52.5-180.0 180.0   5.0 450.0                            LAT/LON1/LON2/DLON/H
  131  116  104   95   85   75   63   52   43   37   34   35   38   41   44   46
   47   48   48   48   48   48   48   48   46   43   38   32   26   19   14   12
   13   16   20   24   27   30   34   38   44   48   51   52   53   56   63   75
   91  108  125  141  156  171  186  199  209  215  219  221  223  224  225  225
  223  219  212  204  193  179  164  147  131
    50.0-180.0 180.0   5.0 450.0                            LAT/LON1/LON2/DLON/H
  155  140  127  116  104   89   74   59   47   40   39   40   44   47   49   49
   49   49   49   48   47   46   44   42   39   37   34   30   26   22   19   19
   22   27   33   39   43   46   49   52   57   60   63   63   64   67   76   89
  105  121  136  149  162  176  192  206  217  224  228  230  232  235  238  240
  241  239  235  229  219  206  190  173  155
    47.5-180.0 180.0   5.0 450.0                            LAT/LON1/LON2/DLON/H
  181  166  153  141  127  109   88   68   54   46   44   47   51   53   53   51
   49   48   48   48   47   45   41   37   34   33   32   32   32   32   32   33
   38   44   51   58   62   64   65   67   69   72   73   74   75   80   91  106
  123  139  151  161  172  186  202  217  229  237  239  240  240  243  246  250
  252  253  250  246  239  228  214  197  181
    45.0-180.0 180.0   5.0 450.0                            LAT/LON1/LON2/DLON/H
  200  188  178  166  151  129  104   80   62   53   52   56   59   60   56   51
   47   46   47   49   50   47   42   36   33   32   34   38   42   45   47   51
   56   63   70   76   80   80   80   79   80   81   82   83   86   94  108  127
  146  161  171  178  187  200  216  233  245  251  252  249  247  248  250  253
  255  256  254  252  247  239  228  214  200
    42.5-180.0 180.0   5.0 450.0                            LAT/LON1/LON2/DLON/H
  210  201  194  185  171  149  121   93   72   62   62   66   69   68   61   52
   47   46   50   55   57   54   48   41   36   35   39   46   53   58   62   66
   71   78   85   91   93   93   90   88   87   87   89   91   97  108  126  148
  169  185  193  198  205  217  234  251  262  267  264  258  253  251  251  252
  252  250  248  246  243  238  231  220  210
    40.0-180.0 180.0   5.0 450.0                            LAT/LON1/LON2/DLON/H
  209  203  199  194  183  162  134  106   84   73   73   78   82   78   68   57
   51   52   60   68   72   69   61   51   44   42   46   53   61   68   72   76
   81   87   93   98  100   99   96   93   91   91   94   98  106  121  142  167
  191  207  214  216  221  233  250  266  277  279  275  267  261  256  254  252
  249  244  239  235  233  229  224  216  209
    37.5-180.0 180.0   5.0 450.0                            LAT/LON1/LON2/DLON/H
  200  195  193  191  184  168  143  116   94   84   85   91   95   92   80   68
   62   66   77   88   94   90   79   66   56   52   54   60   67   72   76   80
   84   89   94   98  100   99   97   94   92   93   96  103  113  130  154  181
  206  222  228  229  233  244  260  276  286  288  284  278  272  269  266  262
  255  246  237  230  225  221  215  208  200
    35.0-180.0 180.0   5.0 450.0                            LAT/LON1/LON2/DLON/H
  193  184  180  179  176  165  145  122  102   92   95  103  109  106   96   84
   79   86  100  113  119  113  100   84   71   65   64   66   70   73   76   78
   82   86   90   93   94   95   94   93   93   94   98  106  118  136  160  188
  213  228  234  234  238  248  264  279  289  294  294  293  293  293  292  288
  280  267  253  241  233  225  216  205  193
    32.5-180.0 180.0   5.0 450.0                            LAT/LON1/LON2/DLON/H
  197  180  169  164  162  156  142  123  106   97  100  110  118  119  110  101
   99  108  124  138  142  134  118  100   86   77   73   73   73   73   74   76
   79   82   84   85   87   89   91   92   92   94   99  107  120  138  162  189
  212  228  233  234  237  247  263  279  292  301  309  317  326  333  337  336
  327  312  295  278  264  251  236  217  197
    30.0-180.0 180.0   5.0 450.0                            LAT/LON1/LON2/DLON/H
  222  192  169  156  150  146  137  122  107   97  100  110  122  125  121  114
  114  125  141  154  155  144  127  110   97   88   83   80   77   75   74   75
   78   80   80   79   80   84   89   92   93   94   99  108  122  140  162  187
  210  224  230  232  236  248  264  282  299  316  334  354  373  390  400  403
  396  382  363  343  323  304  281  254  222
    27.5-180.0 180.0   5.0 450.0                            LAT/LON1/LON2/DLON/H
  274  229  190  163  149  142  134  121  105   94   94  104  117  124  123  119
  121  132  147  156  154  142  126  112  102   96   91   88   84   80   79   80
   83   83   81   78   77   82   89   93   94   95   99  109  125  143  165  188
  210  225  232  235  241  255  274  296  318  343  372  404  434  458  475  482
  479  467  449  428  406  382  353  317  274
    25.0-180.0 180.0   5.0 450.0                            LAT/LON1/LON2/DLON/H
  352  293  237  193  165  150  138  123  104   90   86   94  107  116  117  114
  116  126  138  144  139  127  114  106  101   99   98   96   93   91   90   91
   93   92   88   81   79   83   91   96   96   95  100  112  130  151  173  197
  218  234  243  249  259  275  298  324  353  386  424  464  501  531  552  562
  563  555  540  520  499  474  443  403  352
    22.5-180.0 180.0   5.0 450.0                            LAT/LON1/LON2/DLON/H
  447  380  310  247  202  174  153  132  109   90   82   87   98  105  106  103
  104  111  119  121  116  106   98   96   98  100  102  104  105  105  104  105
  106  105   99   90   85   88   96  100   99   97  101  117  139  165  189  214
  238  256  268  278  290  311  337  368  402  441  484  528  567  598  618  630
  633  629  619  604  586  565  538  500  447
    20.0-180.0 180.0   5.0 450.0                            LAT/LON1/LON2/DLON/H
  547  480  400  322  259  215  182  153  124  100   88   88   95  100   98   94
   92   94   98   98   93   87   86   90   95  100  104  110  115  119  119  119
  120  118  111  101   95   96  102  105  102   98  103  123  152  183  212  240
  266  288  304  318  334  358  389  424  461  501  543  585  620  647  664  673
  677  676  671  664  653  641  623  594  547
    17.5-180.0 180.0   5.0 450.0                            LAT/LON1/LON2/DLON/H
  638  579  497  409  331  270  224  186  151  124  109  105  107  108  103   96
   90   88   88   87   84   83   87   94   99  102  106  113  123  130  132  131
  130  128  123  113  106  104  108  109  104   99  106  130  166  203  237  269
  299  326  347  364  384  411  445  482  519  556  592  625  653  672  683  688
  690  691  691  691  690  688  684  671  638
    15.0-180.0 180.0   5.0 450.0                            LAT/LON1/LON2/DLON/H
  707  663  588  497  408  334  276  230  192  165  149  142  139  135  127  117
  108  102   99   96   95   99  107  113  114  110  109  116  128  138  140  137
  134  134  132  125  116  113  113  111  105  100  109  138  179  222  261  296
  330  361  387  408  431  460  495  531  565  595  621  643  660  671  676  676
  675  677  681  686  693  703  715  721  707
    12.5-180.0 180.0   5.0 450.0                            LAT/LON1/LON2/DLON/H
  749  723  660  573  481  399  333  282  244  219  204  196  190  183  173  163
  152  142  134  130  132  139  148  149  140  125  114  118  131  142  143  137
  134  136  138  134  126  120  117  113  105  101  112  144  188  235  277  314
  351  386  417  442  467  496  529  563  592  612  625  635  643  649  650  648
  644  645  650  659  672  691  716  741  749
    10.0-180.0 180.0   5.0 450.0                            LAT/LON1/LON2/DLON/H
  763  755  708  631  542  459  389  337  303  282  270  261  253  245  237  228
  217  203  192  186  189  197  203  197  176  146  125  122  133  144  144  135
  131  135  142  142  135  126  119  112  105  103  115  148  194  241  283  321
  360  398  432  461  486  514  544  573  595  605  607  607  609  614  617  615
  611  610  615  625  640  664  699  738  763
     7.5-180.0 180.0   5.0 450.0                            LAT/LON1/LON2/DLON/H
  756  762  729  665  586  507  440  390  360  345  337  327  318  311  308  303
  293  277  261  253  254  261  263  248  215  173  140  131  139  148  145  134
  128  134  145  150  142  130  119  111  105  104  118  150  195  240  281  317
  355  395  432  463  489  514  540  563  578  580  573  568  570  579  588  592
  590  589  592  600  613  637  675  720  756
     5.0-180.0 180.0   5.0 450.0                            LAT/LON1/LON2/DLON/H
  739  751  728  678  611  542  481  436  411  400  393  383  372  368  371  373
  365  347  327  316  315  318  314  292  250  200  161  145  149  155  151  138
  131  137  150  156  149  133  119  110  105  107  121  151  193  235  272  306
  342  381  420  452  477  499  520  539  548  546  536  529  536  554  573  586
  589  590  591  595  604  623  657  702  739
     2.5-180.0 180.0   5.0 450.0                            LAT/LON1/LON2/DLON/H
  723  732  714  674  621  564  511  471  450  440  432  419  407  406  415  424
  418  398  375  361  357  356  346  319  276  225  184  165  165  168  162  148
  139  144  157  163  154  136  119  109  106  110  125  153  190  229  262  293
  326  363  401  433  457  476  494  509  517  514  505  502  515  543  575  598
  609  613  613  614  617  629  656  692  723
