data/电离层参数/2024-01-16/TECU(buag)-2023.01.05-2023.01.06.txt
     1.0            IONOSPHERE MAPS     GNSS                IONEX VERSION / TYPE
IRIS V2.0           IRIS                07-Jan-23 11:02     PGM / RUN BY / DATE 
BUAA'S GLOBAL IONOSPHERE MAPS FOR DAY 005, 2023             COMMENT             
Contact address: Cheng WANG, acheng@buaa.edu.cn             DESCRIPTION         
Web page:        http://ionosphere.cn                       DESCRIPTION         
STAR Labs at Beihang University                             COMMENT             
FLASH Pro from STAR Labs @BUAA                              COMMENT             
  2023     1     5     0     0     0                        EPOCH OF FIRST MAP  
  2023     1     6     0     0     0                        EPOCH OF LAST MAP  
  3600                                                      INTERVAL            
    25                                                      # OF MAPS IN FILE   
  MSLM                                                      MAPPING FUNCTION    
Two-way carrier phase leveled to code                       OBSERVABLES USED    
   152                                                      # OF STATIONS       
    30                                                      # OF SATELLITES     
  6371.0                                                    BASE RADIUS         
     2                                                      MAP DIMENSION       
   450.0 450.0   0.0                                        HGT1 / HGT2 / DHGT  
    87.5 -87.5  -2.5                                        LAT1 / LAT2 / DLAT  
  -180.0 180.0   5.0                                        LON1 / LON2 / DLON  
    -1                                                      EXPONENT            
TEC/RMS values in 0.1 TECU; 9999, if no value available     COMMENT             
List of stations:                                           COMMENT             
abpo albh alg3 algo areq aspa auck badg baie bake bamf barh COMMENT             
bcov bill bjfs blyt bogt brew chan chil chpi chti chu2 chum COMMENT             
chur chwk cit1 clrs cmp9 cnmr coso crfp cro1 cusv daej dgar COMMENT             
dhlg dra3 dra4 drao dubo dund escu eur2 fair falk frdn glps COMMENT             
gode godz gol2 gold guam guug hlfx holb holp hrao hyde iisc COMMENT             
ineg invk iqal irkj jplm kokb kokv lbch mad2 madr mana mayg COMMENT             
mbar mcm4 mdo1 mdvj mkea monp morp mqzg mtka nano nlib novm COMMENT             
nrc1 opmt palm picl pie1 pimo pin1 pol2 pove prd2 prd3 prds COMMENT             
ptag ptal ptrf qaq1 quad quin ramo rdsd riga riop rock sask COMMENT             
sc04 sch2 scip scor sfdm she2 sthl stj2 stjo suth svtl tabl COMMENT             
tfno thu2 tidb torp trak tukt uclu ufpr unbj usn7 usud vacs COMMENT             
vald vndp wab2 wark wes2 wgtn whc1 whit widc will wlsn wtza COMMENT             
yel3 yell ykro yons zamb zeck zim2 zimm                     COMMENT             
                                                            END OF HEADER       
[from data line 8580]
    21                                                      START OF TEC MAP    
  2023     1     5    20     0     0                        EPOCH OF CURRENT MAP
    87.5-180.0 180.0   5.0 450.0                            LAT/LON1/LON2/DLON/H
   19   19   19   19   20   20   20   21   22   23   24   25   26   27   29   30
   32   33   35   36   38   39   41   42   43   44   45   45   46   46   46   46
   46   45   45   44   43   42   41   40   39   38   37   36   35   33   32   32
   31   30   29   28   28   27   27   26   26   25   25   24   24   23   23   23
   22   22   21   21   21   20   20   20   19
    85.0-180.0 180.0   5.0 450.0                            LAT/LON1/LON2/DLON/H
   19   17   16   16   15   15   15   16   16   18   19   21   24   27   30   33
   36   40   43   47   50   54   57   60   62   65   66   68   69   69   69   69
   68   66   64   62   60   57   54   51   48   46   43   41   38   37   35   34
   32   32   31   31   31   30   30   31   31   31   31   31   31   30   30   29
   28   28   26   25   24   23   21   20   19
    82.5-180.0 180.0   5.0 450.0                            LAT/LON1/LON2/DLON/H
   26   23   21   18   16   15   14   14   15   16   18   21   24   28   32   37
   41   46   52   57   62   67   72   76   80   84   87   90   91   92   92   91
   89   86   82   78   74   69   64   59   54   50   46   42   40   37   36   35
   35   35   35   36   37   38   40   41   43   44   45   46   46   47   47   46
   45   44   42   40   38   35   32   29   26
    80.0-180.0 180.0   5.0 450.0                            LAT/LON1/LON2/DLON/H
   41   36   31   27   24   21   19   18   18   19   22   25   28   33   37   43
   48   53   59   65   70   76   81   87   92   96  101  104  106  108  108  106
  104  100   95   89   82   75   68   61   55   49   45   41   39   37   37   37
   38   40   42   44   47   50   52   55   58   60   63   64   66   67   68   68
   67   66   64   62   58   55   50   46   41
    77.5-180.0 180.0   5.0 450.0                            LAT/LON1/LON2/DLON/H
   59   52   46   41   36   32   29   27   27   29   31   34   39   43   48   53
   57   62   66   70   75   79   84   88   93   98  103  107  110  112  113  112
  109  105   99   91   83   74   66   58   51   45   41   38   36   36   38   40
   43   46   50   54   58   61   65   69   72   75   78   81   83   85   87   88
   88   87   86   84   80   76   71   65   59
    75.0-180.0 180.0   5.0 450.0                            LAT/LON1/LON2/DLON/H
   76   69   62   56   50   46   43   41   42   44   47   51   55   60   64   68
   71   73   75   76   77   78   80   83   86   90   95   99  103  106  107  107
  105  100   94   86   77   67   58   50   43   38   35   33   34   36   39   43
   48   53   58   62   67   71   74   78   81   84   87   90   93   95   98  100
  101  102  102  100   97   94   89   83   76
    72.5-180.0 180.0   5.0 450.0                            LAT/LON1/LON2/DLON/H
   89   83   76   70   65   61   59   58   60   63   67   73   78   83   87   90
   90   89   87   84   81   77   75   74   74   76   80   84   88   91   93   94
   92   88   82   74   66   56   47   40   34   30   28   29   32   36   41   47
   53   58   63   68   72   75   77   80   82   84   86   89   92   95   98  101
  104  106  108  108  106  104  100   95   89
    70.0-180.0 180.0   5.0 450.0                            LAT/LON1/LON2/DLON/H
   95   91   86   82   78   76   75   76   79   84   91   98  105  111  115  116
  115  112  106   98   90   81   74   68   65   63   64   67   70   73   76   77
   76   73   67   60   52   44   36   29   25   23   23   26   30   36   43   50
   56   61   65   69   71   73   74   74   75   76   77   79   81   84   88   92
   96  100  103  105  105  104  102   99   95
    67.5-180.0 180.0   5.0 450.0                            LAT/LON1/LON2/DLON/H
   96   95   93   91   90   90   91   94  100  107  116  125  134  141  145  147
  145  139  131  120  107   94   81   71   63   57   55   54   56   58   59   60
   60   58   53   47   41   33   27   22   19   18   20   24   30   36   43   50
   55   60   63   65   65   65   64   63   62   62   61   62   64   67   71   76
   81   86   90   93   96   97   97   97   96
    65.0-180.0 180.0   5.0 450.0                            LAT/LON1/LON2/DLON/H
   92   95   98  100  102  104  107  113  120  129  140  151  161  170  176  178
  177  171  161  148  133  116  100   85   73   63   56   52   50   49   49   49
   48   46   43   39   33   27   22   18   16   16   19   24   29   36   42   48
   52   55   57   57   56   55   53   50   48   46   45   45   45   48   52   57
   63   69   74   78   81   83   86   89   92
    62.5-180.0 180.0   5.0 450.0                            LAT/LON1/LON2/DLON/H
   87   95  103  109  114  119  125  132  141  152  164  176  187  197  204  208
  207  203  194  181  165  147  129  111   95   81   70   61   55   51   48   46
   44   42   39   35   31   27   23   19   18   19   21   25   29   34   39   43
   47   49   49   49   47   45   43   40   37   34   32   31   31   33   36   41
   47   53   58   62   65   69   73   80   87
    60.0-180.0 180.0   5.0 450.0                            LAT/LON1/LON2/DLON/H
   85   98  111  121  130  137  145  153  163  175  187  200  211  221  229  234
  235  232  225  214  200  183  164  144  126  109   94   81   70   62   55   50
   46   44   41   38   35   32   28   26   24   24   25   28   31   34   36   39
   41   43   43   43   42   39   37   34   31   28   26   24   23   24   27   32
   38   43   47   50   52   56   63   72   85
    57.5-180.0 180.0   5.0 450.0                            LAT/LON1/LON2/DLON/H
   87  106  124  138  150  159  168  178  188  200  211  223  233  242  250  255
  257  256  252  244  232  217  199  180  160  141  123  107   92   80   69   61
   55   51   48   46   43   41   38   35   33   32   32   33   33   34   35   37
   39   41   42   42   41   40   37   35   32   30   27   25   23   24   26   30
   35   40   42   43   44   48   56   69   87
    55.0-180.0 180.0   5.0 450.0                            LAT/LON1/LON2/DLON/H
   94  119  141  160  174  185  195  206  216  227  237  247  255  262  268  272
  274  275  273  267  258  246  230  212  192  173  154  135  118  101   87   76
   67   62   58   56   54   51   49   46   44   43   42   40   39   38   38   39
   41   44   46   48   47   46   44   42   40   37   35   32   30   29   31   35
   39   42   43   42   42   45   55   72   94
    52.5-180.0 180.0   5.0 450.0                            LAT/LON1/LON2/DLON/H
  106  136  162  183  199  211  223  235  246  256  265  271  276  280  284  286
  288  288  286  283  276  266  253  236  218  200  181  162  142  123  106   91
   80   73   69   67   64   62   60   58   56   54   53   51   48   46   45   46
   49   53   57   59   59   57   54   52   50   48   46   43   40   39   40   43
   46   48   48   45   44   47   58   79  106
    50.0-180.0 180.0   5.0 450.0                            LAT/LON1/LON2/DLON/H
  121  154  183  205  222  237  250  264  276  285  291  295  297  299  300  299
  298  296  294  291  286  278  266  252  236  219  202  183  164  143  123  106
   92   84   78   75   73   71   69   68   67   66   65   63   60   57   56   58
   62   67   71   74   73   70   66   63   61   59   57   55   52   50   50   52
   54   55   54   50   48   51   65   89  121
    47.5-180.0 180.0   5.0 450.0                            LAT/LON1/LON2/DLON/H
  135  171  201  224  241  257  274  290  303  311  315  316  316  316  315  312
  308  304  299  295  290  283  273  260  247  233  218  201  181  159  137  118
  102   92   85   82   79   78   76   76   76   77   77   76   74   71   71   73
   77   83   87   88   87   82   77   73   71   69   68   66   63   60   59   59
   60   60   58   54   52   57   73  100  135
    45.0-180.0 180.0   5.0 450.0                            LAT/LON1/LON2/DLON/H
  148  184  213  235  253  271  291  310  325  332  333  332  331  330  329  325
  318  311  304  298  292  285  276  265  254  242  229  214  195  172  148  127
  109   98   91   87   84   82   82   83   85   87   89   89   88   86   86   88
   92   97  100  100   97   91   85   81   78   77   76   74   71   68   65   64
   64   63   61   58   57   63   82  111  148
    42.5-180.0 180.0   5.0 450.0                            LAT/LON1/LON2/DLON/H
  159  193  221  241  258  278  302  324  339  344  343  340  339  340  340  336
  328  318  310  303  296  289  279  269  259  250  239  225  206  183  157  134
  116  104   96   92   89   87   87   88   92   96   99  100  100   99   99  100
  103  107  108  107  103   97   90   85   83   82   82   80   78   74   70   67
   65   63   62   60   62   71   91  122  159
    40.0-180.0 180.0   5.0 450.0                            LAT/LON1/LON2/DLON/H
  168  200  224  241  258  281  308  332  346  349  344  340  340  345  347  345
  337  327  318  310  303  295  285  275  266  259  250  236  217  192  166  141
  123  111  104  100   96   94   93   95   98  103  107  109  109  108  108  108
  109  111  111  108  104   98   92   88   87   86   86   85   82   78   74   69
   66   64   63   64   68   80  101  132  168
    37.5-180.0 180.0   5.0 450.0                            LAT/LON1/LON2/DLON/H
  179  207  227  241  257  282  311  336  348  346  338  333  335  343  350  350
  344  335  327  321  313  304  293  283  275  269  261  248  228  202  175  151
  134  124  117  112  107  104  102  103  106  109  112  114  115  114  112  111
  110  109  107  105  101   97   94   91   90   89   89   87   85   82   77   71
   67   65   66   70   77   91  114  145  179
    35.0-180.0 180.0   5.0 450.0                            LAT/LON1/LON2/DLON/H
  192  217  233  244  260  285  315  339  347  340  328  322  327  339  348  351
  347  342  338  333  326  315  303  293  285  280  272  259  239  213  186  165
  151  143  137  131  124  118  114  113  114  116  117  118  117  116  114  111
  107  104  101   99   97   96   95   94   93   92   90   89   87   84   80   74
   69   68   71   78   89  106  130  160  192
    32.5-180.0 180.0   5.0 450.0                            LAT/LON1/LON2/DLON/H
  208  231  245  254  269  294  323  343  347  335  320  314  320  334  345  349
  349  347  347  344  337  325  312  302  295  291  284  271  251  225  201  184
  174  169  164  156  146  136  129  125  124  123  122  121  119  117  114  109
  104   98   95   94   95   97   97   97   95   93   90   88   87   86   83   78
   73   73   78   88  103  122  148  178  208
    30.0-180.0 180.0   5.0 450.0                            LAT/LON1/LON2/DLON/H
  228  251  264  274  288  311  336  352  350  334  318  312  320  333  343  347
  348  350  353  353  345  332  319  309  304  301  295  283  264  242  222  209
  204  202  196  185  170  155  145  138  134  131  129  126  123  120  116  110
  103   96   93   93   96   99  101  100   97   92   88   86   85   86   84   81
   77   78   85   98  116  139  166  198  228
    27.5-180.0 180.0   5.0 450.0                            LAT/LON1/LON2/DLON/H
  251  276  291  301  315  335  355  365  359  342  326  322  330  340  345  346
  347  352  358  358  349  335  322  315  313  312  308  297  281  262  247  240
  240  239  231  214  193  173  159  151  146  142  138  134  130  126  122  115
  107  100   96   97  101  104  105  101   96   90   84   82   82   84   85   83
   81   83   92  107  127  152  183  217  251
    25.0-180.0 180.0   5.0 450.0                            LAT/LON1/LON2/DLON/H
  272  303  322  334  347  364  379  383  374  358  347  346  352  357  355  350
  349  354  360  359  349  336  325  322  324  326  324  316  302  288  278  276
  278  276  263  240  212  187  171  162  157  153  150  146  142  139  134  128
  119  112  107  108  111  111  108  101   92   85   79   77   78   81   84   84
   84   87   96  112  134  162  195  234  272
    22.5-180.0 180.0   5.0 450.0                            LAT/LON1/LON2/DLON/H
  291  328  353  369  383  396  405  405  395  384  379  383  387  385  373  360
  354  357  361  358  348  336  331  334  342  347  346  340  330  320  314  314
  314  309  289  259  224  196  179  171  168  167  165  163  160  157  153  147
  138  130  124  123  123  119  111   99   88   79   74   72   75   80   84   85
   86   89   98  114  136  165  203  247  291
    20.0-180.0 180.0   5.0 450.0                            LAT/LON1/LON2/DLON/H
  306  349  381  402  417  427  432  429  422  419  422  430  432  422  400  378
  366  364  364  358  347  340  343  355  368  376  376  372  365  358  353  351
  347  334  306  268  229  200  184  178  179  182  184  184  183  181  177  171
  163  153  145  141  136  127  113   96   83   74   71   71   75   80   84   86
   87   90   99  114  135  165  205  255  306
    17.5-180.0 180.0   5.0 450.0                            LAT/LON1/LON2/DLON/H
  315  365  402  428  446  456  459  456  454  459  472  484  483  465  434  404
  384  376  371  361  352  351  364  386  406  415  415  412  407  401  394  386
  373  349  313  269  228  201  188  187  192  198  205  208  209  207  204  198
  189  178  167  158  148  134  114   94   80   72   71   74   78   82   86   87
   89   92  100  113  132  161  205  259  315
    15.0-180.0 180.0   5.0 450.0                            LAT/LON1/LON2/DLON/H
  321  374  416  448  469  481  484  485  490  504  524  539  536  512  474  437
  411  395  383  371  364  372  397  428  452  462  461  457  452  445  434  416
  391  357  312  265  227  203  196  199  208  218  228  234  237  235  232  226
  215  201  186  173  158  139  116   95   80   75   77   81   85   88   89   90
   91   95  103  113  130  159  204  261  321
    12.5-180.0 180.0   5.0 450.0                            LAT/LON1/LON2/DLON/H
  324  379  424  459  486  502  510  515  528  550  576  591  586  558  516  476
  444  422  404  389  386  403  439  478  504  512  509  503  498  489  471  442
  404  359  309  263  229  213  212  219  229  241  253  261  264  262  258  250
  237  219  200  182  164  143  119   98   85   82   86   90   93   94   93   92
   94   99  107  118  133  160  205  263  324
    10.0-180.0 180.0   5.0 450.0                            LAT/LON1/LON2/DLON/H
  327  381  426  465  497  520  534  547  567  595  623  638  630  601  560  519
  485  457  433  417  419  444  486  529  555  560  553  546  541  529  504  465
  415  360  308  267  242  234  238  247  256  267  279  287  290  287  280  269
  253  231  208  186  166  145  124  105   95   93   97  100  101   99   96   94
   96  104  115  126  140  167  211  268  327
     7.5-180.0 180.0   5.0 450.0                            LAT/LON1/LON2/DLON/H
  332  381  425  467  505  535  558  578  605  636  663  675  667  640  604  566
  531  499  471  455  460  489  535  577  599  599  589  581  576  563  533  484
  426  367  317  282  268  268  276  284  289  296  305  312  313  307  297  283
  262  236  209  185  165  147  129  115  107  106  108  109  108  103   97   94
   98  109  124  137  153  180  222  277  332
     5.0-180.0 180.0   5.0 450.0                            LAT/LON1/LON2/DLON/H
  338  382  423  466  509  547  578  607  638  670  695  703  695  673  645  614
  579  545  516  501  507  536  579  615  630  625  614  607  603  590  556  504
  442  383  338  313  307  315  323  326  325  326  330  334  332  324  310  290
  265  235  205  180  162  148  136  126  121  118  118  116  111  104   96   93
   98  114  133  150  169  196  238  288  338
     2.5-180.0 180.0   5.0 450.0                            LAT/LON1/LON2/DLON/H
  346  384  420  462  509  554  593  629  664  695  715  721  714  700  682  658
  627  593  564  550  556  581  614  639  647  638  627  622  620  609  576  524
  464  409  372  355  358  368  373  370  361  354  353  353  348  336  318  294
  264  230  198  174  159  150  144  138  134  130  125  120  113  104   95   91
   98  117  141  164  186  215  255  302  346
