data/电离层参数/2024-01-16/TECU(buag)-2023.01.05-2023.01.06.txt
     1.0            IONOSPHERE MAPS     GNSS                IONEX VERSION / TYPE
IRIS V2.0           IRIS                07-Jan-23 11:02     PGM / RUN BY / DATE 
BUAA'S GLOBAL IONOSPHERE MAPS FOR DAY 005, 2023             COMMENT             
Contact address: Cheng WANG, acheng@buaa.edu.cn             DESCRIPTION         
Web page:        http://ionosphere.cn                       DESCRIPTION         
STAR Labs at Beihang University                             COMMENT             
FLASH Pro from STAR Labs @BUAA                              COMMENT             
  2023     1     5     0     0     0                        EPOCH OF FIRST MAP  
  2023     1     6     0     0     0                        EPOCH OF LAST MAP  
  3600                                                      INTERVAL            
    25                                                      # OF MAPS IN FILE   
  MSLM                                                      MAPPING FUNCTION    
Two-way carrier phase leveled to code                       OBSERVABLES USED    
   152                                                      # OF STATIONS       
    30                                                      # OF SATELLITES     
  6371.0                                                    BASE RADIUS         
     2                                                      MAP DIMENSION       
   450.0 450.0   0.0                                        HGT1 / HGT2 / DHGT  
    87.5 -87.5  -2.5                                        LAT1 / LAT2 / DLAT  
  -180.0 180.0   5.0                                        LON1 / LON2 / DLON  
    -1                                                      EXPONENT            
TEC/RMS values in 0.1 TECU; 9999, if no value available     COMMENT             
List of stations:                                           COMMENT             
abpo albh alg3 algo areq aspa auck badg baie bake bamf barh COMMENT             
bcov bill bjfs blyt bogt brew chan chil chpi chti chu2 chum COMMENT             
chur chwk cit1 clrs cmp9 cnmr coso crfp cro1 cusv daej dgar COMMENT             
dhlg dra3 dra4 drao dubo dund escu eur2 fair falk frdn glps COMMENT             
gode godz gol2 gold guam guug hlfx holb holp hrao hyde iisc COMMENT             
ineg invk iqal irkj jplm kokb kokv lbch mad2 madr mana mayg COMMENT             
mbar mcm4 mdo1 mdvj mkea monp morp mqzg mtka nano nlib novm COMMENT             
nrc1 opmt palm picl pie1 pimo pin1 pol2 pove prd2 prd3 prds COMMENT             
ptag ptal ptrf qaq1 quad quin ramo rdsd riga riop rock sask COMMENT             
sc04 sch2 scip scor sfdm she2 sthl stj2 stjo suth svtl tabl COMMENT             
tfno thu2 tidb torp trak tukt uclu ufpr unbj usn7 usud vacs COMMENT             
vald vndp wab2 wark wes2 wgtn whc1 whit widc will wlsn wtza COMMENT             
yel3 yell ykro yons zamb zeck zim2 zimm                     COMMENT             
                                                            END OF HEADER       
[from data line 3861]
    10                                                      START OF TEC MAP    
  2023     1     5     9     0     0                        EPOCH OF CURRENT MAP
    87.5-180.0 180.0   5.0 450.0                            LAT/LON1/LON2/DLON/H
   59   59   60   61   62   63   63   64   65   66   66   67   68   68   69   69
   70   70   71   71   72   72   72   73   73   74   74   74   75   75   75   75
   75   75   75   75   75   75   75   74   74   73   73   72   71   70   69   68
   67   66   65   64   63   62   61   60   59   59   58   57   57   56   56   56
   56   56   56   56   56   57   57   58   59
    85.0-180.0 180.0   5.0 450.0                            LAT/LON1/LON2/DLON/H
   55   56   58   60   62   63   65   66   68   69   70   70   71   72   72   73
   73   73   74   74   74   75   75   76   76   77   78   79   79   80   81   82
   83   83   84   84   85   85   85   85   84   84   83   82   80   79   77   75
   73   71   69   66   64   62   60   58   56   54   52   51   50   49   48   48
   47   47   48   48   49   50   52   53   55
    82.5-180.0 180.0   5.0 450.0                            LAT/LON1/LON2/DLON/H
   54   57   59   62   64   67   69   71   72   74   75   75   75   75   75   75
   75   74   74   74   74   74   75   75   76   77   78   79   80   82   83   85
   86   88   89   91   92   93   94   95   95   95   95   94   93   91   89   87
   84   81   78   75   71   68   65   62   59   56   53   51   49   47   46   45
   44   44   44   45   46   47   49   51   54
    80.0-180.0 180.0   5.0 450.0                            LAT/LON1/LON2/DLON/H
   55   58   61   65   68   71   74   76   78   79   79   79   79   78   77   76
   75   74   73   73   72   72   73   73   74   75   76   77   79   80   82   84
   86   88   90   93   95   98  100  103  105  106  107  108  107  106  105  103
  100   97   93   89   86   82   78   74   70   67   64   60   57   54   52   50
   48   47   46   46   46   48   50   52   55
    77.5-180.0 180.0   5.0 450.0                            LAT/LON1/LON2/DLON/H
   56   59   63   67   71   74   77   79   81   82   82   82   81   80   79   77
   76   74   73   72   72   72   72   73   73   74   75   75   76   77   78   79
   81   83   86   90   94   98  102  107  111  115  119  121  123  124  123  122
  120  117  114  110  106  102   98   94   90   86   82   78   74   70   65   61
   58   55   52   50   50   50   51   53   56
    75.0-180.0 180.0   5.0 450.0                            LAT/LON1/LON2/DLON/H
   56   59   62   66   70   74   77   79   81   82   83   83   82   81   79   78
   77   75   75   74   74   75   75   75   76   76   75   75   74   73   73   73
   74   75   78   82   87   93  100  107  115  122  129  134  139  142  144  144
  143  141  138  134  130  126  122  119  115  110  106  101   95   89   83   76
   70   65   60   56   54   52   52   54   56
    72.5-180.0 180.0   5.0 450.0                            LAT/LON1/LON2/DLON/H
   53   56   59   62   66   70   73   75   77   79   80   80   80   80   79   79
   78   78   78   79   79   80   81   81   81   80   78   76   73   70   67   65
   65   66   68   73   79   87   96  106  117  127  138  147  155  161  164  166
  166  164  161  158  154  150  146  142  138  134  128  122  115  107   98   89
   81   73   66   60   56   53   52   52   53
    70.0-180.0 180.0   5.0 450.0                            LAT/LON1/LON2/DLON/H
   48   50   53   56   59   62   65   68   70   72   73   75   76   77   78   79
   80   81   82   83   85   86   87   88   87   85   81   76   71   66   61   57
   55   56   58   64   71   80   92  104  118  132  146  159  170  178  184  187
  187  186  182  178  174  169  165  160  156  151  145  137  128  118  107   96
   85   75   67   60   54   50   48   48   48
    67.5-180.0 180.0   5.0 450.0                            LAT/LON1/LON2/DLON/H
   42   43   45   48   51   53   56   58   60   62   64   67   69   72   75   77
   80   82   84   86   89   90   92   92   90   87   82   75   68   60   54   49
   47   48   51   58   66   78   91  105  121  138  154  170  183  194  201  205
  205  202  198  193  187  181  175  170  165  159  152  143  132  120  107   94
   82   71   62   55   49   45   43   42   42
    65.0-180.0 180.0   5.0 450.0                            LAT/LON1/LON2/DLON/H
   37   37   39   41   43   45   47   48   50   52   55   58   62   65   69   73
   77   80   83   85   88   89   90   90   88   84   77   69   60   52   45   41
   40   43   48   57   67   80   95  111  128  146  164  181  195  207  214  218
  217  214  208  200  193  185  178  172  165  158  150  140  128  114  100   85
   72   61   53   47   42   40   38   37   37
    62.5-180.0 180.0   5.0 450.0                            LAT/LON1/LON2/DLON/H
   33   33   34   36   37   39   40   41   42   43   45   49   53   57   62   66
   70   74   77   79   81   82   83   82   80   75   68   59   50   42   36   34
   36   42   50   62   75   89  105  121  138  156  174  191  206  217  224  226
  224  219  212  203  193  184  176  168  161  153  144  133  120  105   89   74
   61   51   43   39   37   35   34   33   33
    60.0-180.0 180.0   5.0 450.0                            LAT/LON1/LON2/DLON/H
   32   32   33   34   35   37   37   37   36   37   38   41   44   49   53   57
   61   64   67   68   69   70   70   69   66   62   54   46   37   31   27   29
   34   44   57   72   88  104  120  136  152  168  185  200  214  224  229  230
  227  221  212  202  192  182  173  164  156  148  139  128  114   98   82   66
   53   44   38   36   35   35   34   33   32
    57.5-180.0 180.0   5.0 450.0                            LAT/LON1/LON2/DLON/H
   35   34   34   35   37   38   38   36   35   34   34   35   38   41   44   48
   51   54   55   56   55   55   54   53   51   47   41   33   26   21   21   26
   36   50   67   86  104  121  138  153  168  182  196  209  221  229  232  231
  227  220  212  202  192  182  173  164  156  148  139  129  116  100   83   67
   54   45   40   39   39   40   39   37   35
    55.0-180.0 180.0   5.0 450.0                            LAT/LON1/LON2/DLON/H
   41   39   38   40   41   42   42   39   37   35   33   33   34   36   38   40
   43   45   46   45   43   42   41   40   38   35   30   23   18   16   19   27
   42   60   80  101  121  140  157  171  184  196  208  218  227  232  234  231
  226  220  212  204  196  187  177  169  161  154  147  138  127  112   96   79
   65   55   51   50   50   50   48   45   41
    52.5-180.0 180.0   5.0 450.0                            LAT/LON1/LON2/DLON/H
   49   46   44   46   48   49   48   45   41   38   36   35   34   34   34   36
   38   40   41   39   36   33   32   31   31   29   25   20   16   16   22   34
   51   71   93  115  137  157  174  188  200  210  219  227  233  236  236  232
  227  221  216  210  203  195  186  177  170  164  159  153  144  131  116   99
   84   73   67   65   65   63   60   55   49
    50.0-180.0 180.0   5.0 450.0                            LAT/LON1/LON2/DLON/H
   57   53   51   52   55   56   55   52   48   45   43   41   39   37   36   36
   38   41   41   40   36   31   29   29   29   29   27   23   21   23   31   45
   63   84  106  128  150  171  189  204  215  224  231  237  241  242  239  235
  229  225  221  218  212  205  196  187  179  174  170  167  161  151  137  120
  105   93   85   81   79   76   71   64   57
    47.5-180.0 180.0   5.0 450.0                            LAT/LON1/LON2/DLON/H
   64   59   58   59   62   63   62   58   55   52   51   50   48   45   42   42
   44   47   48   46   41   35   32   31   33   34   33   31   30   34   44   60
   78   98  118  138  160  181  200  216  228  236  243  248  251  250  246  240
  234  230  228  226  221  214  204  193  184  179  176  174  170  163  151  136
  121  107   98   92   89   85   79   72   64
    45.0-180.0 180.0   5.0 450.0                            LAT/LON1/LON2/DLON/H
   69   64   63   65   68   69   68   64   61   60   61   61   59   55   51   50
   52   56   58   56   49   42   38   37   39   41   42   41   42   48   60   77
   95  113  130  148  168  189  210  227  239  248  254  259  262  260  255  248
  242  237  235  233  228  219  207  195  184  177  173  171  169  163  154  141
  126  113  103   96   91   87   82   75   69
    42.5-180.0 180.0   5.0 450.0                            LAT/LON1/LON2/DLON/H
   70   67   67   70   73   74   72   69   67   68   70   73   72   68   62   60
   61   66   68   66   59   51   45   44   46   48   49   49   52   61   75   94
  113  129  143  158  175  196  217  236  249  258  265  271  274  272  267  259
  251  246  243  239  233  222  209  195  181  171  165  161  157  152  145  134
  122  110   99   92   86   83   79   75   70
    40.0-180.0 180.0   5.0 450.0                            LAT/LON1/LON2/DLON/H
   70   68   69   73   76   78   76   72   71   73   78   83   84   79   72   68
   69   74   77   75   68   59   51   49   50   52   53   54   59   70   89  110
  130  146  157  169  184  204  225  244  258  267  275  281  285  285  280  271
  263  256  252  246  238  227  213  199  184  171  160  152  145  138  131  122
  112  102   92   84   78   75   73   72   70
    37.5-180.0 180.0   5.0 450.0                            LAT/LON1/LON2/DLON/H
   68   69   70   74   78   79   77   74   72   76   83   90   92   88   80   74
   74   78   82   81   74   65   57   53   53   54   54   56   62   77   99  124
  147  163  174  184  196  213  233  251  265  275  283  290  296  298  294  286
  277  270  265  258  250  240  229  216  202  187  171  156  143  132  123  115
  107   98   88   79   73   69   68   69   68
    35.0-180.0 180.0   5.0 450.0                            LAT/LON1/LON2/DLON/H
   69   69   70   74   78   80   77   74   72   76   85   93   96   92   84   76
   75   79   84   85   79   70   62   57   55   55   54   56   64   81  106  135
  162  181  193  201  211  226  243  260  272  281  290  299  306  310  309  303
  296  290  285  279  273  267  262  255  244  228  208  186  164  147  134  125
  117  109   98   87   77   71   69   69   69
    32.5-180.0 180.0   5.0 450.0                            LAT/LON1/LON2/DLON/H
   74   71   70   73   77   79   76   72   70   74   83   92   96   93   84   76
   74   78   84   86   82   75   67   62   59   57   55   57   66   85  113  145
  176  199  214  222  229  240  255  269  280  289  297  307  317  324  326  324
  321  318  316  314  312  314  317  318  313  298  275  246  217  192  174  161
  151  141  127  112   98   87   80   77   74
    30.0-180.0 180.0   5.0 450.0                            LAT/LON1/LON2/DLON/H
   85   77   73   73   76   77   75   69   66   69   78   87   92   90   83   76
   73   77   84   87   86   80   74   69   65   62   59   61   70   90  120  154
  189  217  235  244  250  257  268  280  290  298  307  319  331  341  348  351
  353  356  358  362  368  378  391  402  404  392  368  334  299  267  242  224
  210  195  178  157  136  118  104   94   85
    27.5-180.0 180.0   5.0 450.0                            LAT/LON1/LON2/DLON/H
  103   88   79   76   78   78   74   67   62   64   71   80   86   86   82   76
   74   78   85   89   89   85   80   77   74   70   67   69   79   99  128  164
  201  233  256  267  272  277  284  294  303  312  322  335  350  364  375  385
  394  403  412  422  436  455  478  497  505  496  472  438  399  363  332  307
  287  267  245  218  190  163  140  121  103
    25.0-180.0 180.0   5.0 450.0                            LAT/LON1/LON2/DLON/H
  130  107   91   85   84   82   76   67   61   60   65   73   80   83   82   79
   78   81   87   91   91   88   85   83   82   79   78   81   92  111  139  174
  212  248  275  289  294  297  303  312  322  332  344  359  376  394  409  424
  440  455  471  488  508  534  563  587  598  592  570  537  500  462  428  397
  370  345  317  285  251  217  186  157  130
    22.5-180.0 180.0   5.0 450.0                            LAT/LON1/LON2/DLON/H
  162  132  111  101   97   92   83   72   62   59   62   68   75   81   83   84
   84   86   89   91   90   87   86   86   87   87   88   93  105  125  151  184
  223  262  292  310  316  320  325  335  347  360  374  392  411  430  449  468
  489  510  530  551  575  604  633  656  666  660  641  613  581  546  510  476
  443  412  381  347  311  273  235  198  162
    20.0-180.0 180.0   5.0 450.0                            LAT/LON1/LON2/DLON/H
  198  162  138  124  117  109   97   82   70   63   63   66   73   80   87   90
   91   91   91   88   84   81   81   84   88   91   94  103  117  138  164  195
  233  274  308  329  338  343  350  362  377  394  411  431  451  471  492  514
  537  561  582  604  627  653  677  693  697  689  672  651  626  598  565  528
  491  457  424  392  357  320  280  239  198
    17.5-180.0 180.0   5.0 450.0                            LAT/LON1/LON2/DLON/H
  232  195  169  154  145  134  117   98   83   73   69   69   73   81   89   95
   96   93   89   82   75   70   71   77   84   90   96  107  126  149  176  207
  244  285  321  346  359  367  378  393  412  432  453  474  495  514  534  556
  579  602  622  640  658  676  690  695  690  677  662  647  632  612  583  547
  508  471  440  412  384  352  316  274  232
    15.0-180.0 180.0   5.0 450.0                            LAT/LON1/LON2/DLON/H
  261  226  202  188  177  163  143  120  102   89   81   76   76   82   90   95
   95   91   83   73   63   57   59   67   77   85   93  107  130  158  187  219
  256  296  333  361  378  391  406  425  448  471  495  517  537  554  571  590
  611  630  646  657  667  675  677  670  655  636  621  611  604  591  568  533
  493  456  428  407  389  366  337  300  261
    12.5-180.0 180.0   5.0 450.0                            LAT/LON1/LON2/DLON/H
  281  251  231  219  210  194  171  146  125  109   96   86   81   82   87   90
   89   83   74   63   52   46   49   60   71   79   87  104  130  164  198  232
  268  307  344  374  395  413  433  456  481  507  533  555  573  586  599  614
  632  646  655  658  659  657  648  631  608  585  568  561  558  550  530  497
  457  421  396  383  374  362  342  314  281
    10.0-180.0 180.0   5.0 450.0                            LAT/LON1/LON2/DLON/H
  289  266  252  244  237  222  198  172  149  131  115   99   87   81   81   81
   77   71   62   53   44   40   45   57   69   76   84  100  130  169  208  245
  281  318  353  383  408  431  456  482  510  537  563  585  599  608  616  627
  640  650  653  649  643  633  617  595  569  544  527  518  515  507  488  456
  416  380  357  348  347  344  333  314  289
     7.5-180.0 180.0   5.0 450.0                            LAT/LON1/LON2/DLON/H
  286  270  261  259  256  244  221  195  172  154  135  114   95   82   74   68
   62   56   51   46   41   42   49   62   74   79   84  100  132  174  218  258
  294  328  360  390  417  444  473  502  530  558  584  604  614  618  621  629
  639  646  645  638  627  614  598  577  553  531  513  501  492  480  459  425
  384  348  325  317  318  320  315  303  286
     5.0-180.0 180.0   5.0 450.0                            LAT/LON1/LON2/DLON/H
  273  262  259  262  263  255  236  213  192  174  155  131  106   85   69   57
   49   44   43   43   44   49   59   74   84   88   91  105  137  182  229  270
  305  335  364  392  420  451  484  514  543  570  595  612  618  617  616  622
  633  640  638  630  619  608  597  584  568  551  534  516  498  478  451  414
  372  334  308  297  296  296  293  285  273
     2.5-180.0 180.0   5.0 450.0                            LAT/LON1/LON2/DLON/H
  254  247  246  253  259  257  243  224  207  192  175  151  122   93   70   52
   41   37   40   45   51   59   72   87   97  100  103  116  147  191  239  280
  313  340  364  389  419  452  487  519  548  575  597  612  614  608  604  610
  623  634  635  629  621  616  613  612  608  599  582  558  530  499  465  426
  382  342  312  294  285  279  273  264  254
