data/电离层参数/2024-01-16/TECU(buag)-2023.01.05-2023.01.06.txt
     1.0            IONOSPHERE MAPS     GNSS                IONEX VERSION / TYPE
IRIS V2.0           IRIS                07-Jan-23 11:02     PGM / RUN BY / DATE 
BUAA'S GLOBAL IONOSPHERE MAPS FOR DAY 005, 2023             COMMENT             
Contact address: Cheng WANG, acheng@buaa.edu.cn             DESCRIPTION         
Web page:        http://ionosphere.cn                       DESCRIPTION         
STAR Labs at Beihang University                             COMMENT             
FLASH Pro from STAR Labs @BUAA                              COMMENT             
  2023     1     5     0     0     0                        EPOCH OF FIRST MAP  
  2023     1     6     0     0     0                        EPOCH OF LAST MAP  
  3600                                                      INTERVAL            
    25                                                      # OF MAPS IN FILE   
  MSLM                                                      MAPPING FUNCTION    
Two-way carrier phase leveled to code                       OBSERVABLES USED    
   152                                                      # OF STATIONS       
    30                                                      # OF SATELLITES     
  6371.0                                                    BASE RADIUS         
     2                                                      MAP DIMENSION       
   450.0 450.0   0.0                                        HGT1 / HGT2 / DHGT  
    87.5 -87.5  -2.5                                        LAT1 / LAT2 / DLAT  
  -180.0 180.0   5.0                                        LON1 / LON2 / DLON  
    -1                                                      EXPONENT            
TEC/RMS values in 0.1 TECU; 9999, if no value available     COMMENT             
List of stations:                                           COMMENT             
abpo albh alg3 algo areq aspa auck badg baie bake bamf barh COMMENT             
bcov bill bjfs blyt bogt brew chan chil chpi chti chu2 chum COMMENT             
chur chwk cit1 clrs cmp9 cnmr coso crfp cro1 cusv daej dgar COMMENT             
dhlg dra3 dra4 drao dubo dund escu eur2 fair falk frdn glps COMMENT             
gode godz gol2 gold guam guug hlfx holb holp hrao hyde iisc COMMENT             
ineg invk iqal irkj jplm kokb kokv lbch mad2 madr mana mayg COMMENT             
mbar mcm4 mdo1 mdvj mkea monp morp mqzg mtka nano nlib novm COMMENT             
nrc1 opmt palm picl pie1 pimo pin1 pol2 pove prd2 prd3 prds COMMENT             
ptag ptal ptrf qaq1 quad quin ramo rdsd riga riop rock sask COMMENT             
sc04 sch2 scip scor sfdm she2 sthl stj2 stjo suth svtl tabl COMMENT             
tfno thu2 tidb torp trak tukt uclu ufpr unbj usn7 usud vacs COMMENT             
vald vndp wab2 wark wes2 wgtn whc1 whit widc will wlsn wtza COMMENT             
yel3 yell ykro yons zamb zeck zim2 zimm                     COMMENT             
                                                            END OF HEADER       
[from data line 7722]
    19                                                      START OF TEC MAP    
  2023     1     5    18     0     0                        EPOCH OF CURRENT MAP
    87.5-180.0 180.0   5.0 450.0                            LAT/LON1/LON2/DLON/H
   30   30   30   31   32   32   33   34   35   36   37   38   39   41   42   44
   45   47   48   50   51   53   54   55   56   58   58   59   60   60   60   60
   60   60   59   58   57   56   55   54   52   50   49   47   45   44   42   40
   39   37   36   35   34   33   32   31   30   30   29   29   29   29   29   28
   28   28   28   29   29   29   29   29   30
    85.0-180.0 180.0   5.0 450.0                            LAT/LON1/LON2/DLON/H
   24   24   24   24   24   25   25   26   27   28   30   32   34   36   39   41
   44   47   50   53   56   59   62   65   68   70   72   74   76   77   78   79
   78   78   77   75   73   70   67   64   60   56   52   48   44   41   37   34
   31   29   27   25   24   23   22   22   22   22   22   23   23   24   24   25
   25   25   25   25   25   25   25   25   24
    82.5-180.0 180.0   5.0 450.0                            LAT/LON1/LON2/DLON/H
   27   26   25   23   22   22   21   21   22   22   24   25   28   30   33   37
   40   44   48   52   56   60   64   68   72   75   79   82   85   87   89   91
   91   91   90   87   84   80   76   70   64   58   52   45   39   34   29   25
   21   19   17   16   15   16   17   18   20   22   24   26   28   29   31   32
   33   33   33   33   32   31   30   29   27
    80.0-180.0 180.0   5.0 450.0                            LAT/LON1/LON2/DLON/H
   38   35   33   30   27   25   23   22   21   21   21   23   25   27   30   34
   38   42   46   50   54   58   61   65   68   72   76   80   83   87   90   93
   95   96   95   93   90   85   79   72   64   55   47   39   32   25   20   15
   12   11   10   11   12   15   18   22   26   30   34   38   41   44   47   49
   50   51   50   49   48   46   44   41   38
    77.5-180.0 180.0   5.0 450.0                            LAT/LON1/LON2/DLON/H
   54   50   46   42   38   35   32   29   27   25   25   26   27   30   33   37
   41   45   49   52   55   57   58   60   61   63   66   69   73   77   82   86
   90   92   93   92   89   84   77   69   59   50   40   31   23   17   12    9
    8    8   10   13   17   21   27   32   38   44   50   55   60   64   67   70
   71   72   71   70   68   65   62   58   54
    75.0-180.0 180.0   5.0 450.0                            LAT/LON1/LON2/DLON/H
   71   66   62   58   54   49   45   42   39   36   35   35   36   39   43   48
   52   57   61   63   64   63   61   59   57   55   55   56   58   63   68   73
   79   83   85   85   83   78   71   62   52   42   32   24   17   12    9    8
    9   12   16   21   27   33   40   47   54   60   66   72   77   82   86   88
   90   90   90   88   85   82   79   75   71
    72.5-180.0 180.0   5.0 450.0                            LAT/LON1/LON2/DLON/H
   84   80   77   73   70   66   62   58   54   51   50   49   51   55   60   66
   73   78   83   85   84   81   75   68   61   54   50   47   48   50   55   61
   67   72   75   76   74   69   62   53   43   34   25   18   12   10   10   12
   15   21   27   34   41   48   55   61   67   72   78   83   88   92   96   98
  100  101  100   99   96   93   90   87   84
    70.0-180.0 180.0   5.0 450.0                            LAT/LON1/LON2/DLON/H
   91   89   87   86   83   81   78   74   71   68   67   67   69   74   81   90
   99  108  114  117  116  111  102   91   78   67   57   50   47   47   50   54
   59   64   66   67   65   60   53   44   35   26   19   14   11   11   14   19
   25   32   40   48   54   60   66   70   74   77   81   84   88   91   95   97
   99  100  100   99   98   96   94   92   91
    67.5-180.0 180.0   5.0 450.0                            LAT/LON1/LON2/DLON/H
   91   91   92   92   92   91   90   88   86   84   83   84   88   94  104  116
  129  141  151  157  157  151  140  126  110   94   80   69   61   58   57   58
   60   62   63   61   58   53   45   37   28   21   15   12   12   15   20   27
   35   43   51   58   63   67   70   72   73   74   75   76   78   81   83   86
   88   89   90   90   90   90   90   90   91
    65.0-180.0 180.0   5.0 450.0                            LAT/LON1/LON2/DLON/H
   84   87   89   91   93   95   96   97   97   97   98  100  105  113  125  140
  157  174  187  196  199  195  184  169  151  133  116  102   91   83   77   73
   71   68   65   61   55   49   41   33   25   19   15   13   15   19   25   33
   41   49   56   62   66   68   68   67   65   63   62   61   62   63   65   68
   70   72   73   74   76   77   79   82   84
    62.5-180.0 180.0   5.0 450.0                            LAT/LON1/LON2/DLON/H
   75   79   82   85   89   93   97  101  105  108  110  114  120  130  143  161
  181  200  218  231  237  235  227  214  197  179  162  146  132  120  109   98
   89   81   73   65   57   49   41   33   27   21   18   17   19   23   29   36
   43   50   56   60   62   62   61   58   54   51   48   45   45   45   47   49
   52   53   55   57   59   62   66   71   75
    60.0-180.0 180.0   5.0 450.0                            LAT/LON1/LON2/DLON/H
   66   70   73   76   81   87   95  103  110  116  121  127  134  145  159  177
  198  220  240  255  264  267  262  253  240  225  210  194  179  162  146  129
  112   98   84   73   63   54   46   39   32   27   24   23   24   27   31   37
   42   47   51   53   54   54   52   49   45   41   37   34   33   33   34   36
   37   39   40   42   45   49   55   61   66
    57.5-180.0 180.0   5.0 450.0                            LAT/LON1/LON2/DLON/H
   60   63   65   68   73   81   92  104  115  125  133  140  148  159  174  191
  212  233  252  269  280  286  286  281  274  264  252  239  223  204  182  159
  136  116   98   84   73   63   55   48   43   38   34   32   31   32   34   37
   40   43   46   47   47   47   45   43   40   37   34   31   29   29   29   30
   31   31   31   32   35   41   48   54   60
    55.0-180.0 180.0   5.0 450.0                            LAT/LON1/LON2/DLON/H
   58   60   61   62   68   78   92  108  124  136  147  155  165  176  189  205
  223  241  259  274  286  294  298  298  295  291  284  274  258  238  213  185
  158  133  113   97   85   75   68   61   56   51   47   43   40   39   38   39
   40   42   44   45   45   45   45   44   43   41   38   36   35   34   34   34
   33   32   30   30   32   38   45   53   58
    52.5-180.0 180.0   5.0 450.0                            LAT/LON1/LON2/DLON/H
   59   61   60   62   68   80   98  118  136  152  163  173  183  195  208  222
  236  250  264  276  287  295  301  304  306  306  304  297  283  262  235  205
  175  148  127  111   99   89   82   75   70   65   60   56   51   48   45   44
   45   47   49   50   50   50   50   50   51   50   49   48   46   46   45   45
   43   39   35   33   35   40   48   55   59
    50.0-180.0 180.0   5.0 450.0                            LAT/LON1/LON2/DLON/H
   63   64   63   65   74   89  111  134  154  171  183  193  204  216  230  242
  253  263  271  279  287  294  300  305  309  313  313  308  296  276  249  219
  189  162  141  125  113  104   96   89   83   78   74   69   64   59   55   54
   56   58   60   62   62   61   61   61   62   62   62   61   60   59   59   58
   55   50   44   40   41   45   52   59   63
    47.5-180.0 180.0   5.0 450.0                            LAT/LON1/LON2/DLON/H
   67   68   68   72   84  103  129  154  176  192  203  214  225  239  254  266
  275  280  283  287  291  296  301  306  310  314  316  313  302  283  258  229
  201  176  156  141  128  118  108  100   94   89   85   81   76   71   68   67
   70   73   76   78   77   75   73   72   72   73   73   72   71   71   71   70
   67   61   54   49   47   51   57   64   67
    45.0-180.0 180.0   5.0 450.0                            LAT/LON1/LON2/DLON/H
   69   70   72   80   96  120  149  177  198  213  223  233  246  262  278  291
  298  300  300  300  301  304  307  310  313  315  316  313  304  287  265  239
  214  192  173  157  143  130  118  109  102   97   94   90   86   82   80   81
   84   89   93   94   93   89   84   81   79   79   79   78   77   77   78   77
   75   70   62   56   54   56   61   66   69
    42.5-180.0 180.0   5.0 450.0                            LAT/LON1/LON2/DLON/H
   68   70   76   88  109  137  169  198  219  233  241  251  264  282  300  314
  320  321  318  315  315  316  317  318  318  318  318  314  305  291  273  251
  229  209  191  175  158  142  127  115  107  103  100   98   95   91   90   91
   96  101  105  106  103   97   91   85   82   81   80   79   79   78   79   80
   79   74   68   62   58   59   62   65   68
    40.0-180.0 180.0   5.0 450.0                            LAT/LON1/LON2/DLON/H
   65   69   78   95  120  152  186  215  236  249  257  266  280  298  317  332
  338  338  334  330  329  330  330  329  327  324  321  316  309  297  283  266
  247  229  210  192  173  154  137  123  113  109  106  104  101   98   97   98
  102  107  110  110  106   99   92   85   81   80   79   79   77   77   77   79
   79   76   71   65   62   61   62   63   65
    37.5-180.0 180.0   5.0 450.0                            LAT/LON1/LON2/DLON/H
   62   68   80  101  130  164  197  226  247  261  270  279  293  311  330  344
  350  348  344  341  340  341  342  339  335  330  325  320  313  305  295  282
  266  248  229  209  188  168  149  133  123  117  114  111  108  104  102  102
  104  106  107  105  102   95   89   83   80   80   80   80   78   76   75   76
   77   75   72   68   65   63   61   61   62
    35.0-180.0 180.0   5.0 450.0                            LAT/LON1/LON2/DLON/H
   61   68   84  108  139  172  205  233  255  270  282  292  305  321  338  349
  354  352  347  344  345  347  348  346  341  334  328  323  319  314  308  299
  285  268  248  227  205  185  166  150  139  132  127  122  117  112  108  105
  103  101   98   95   92   88   84   82   81   83   86   86   83   79   77   76
   76   75   73   71   68   66   63   61   61
    32.5-180.0 180.0   5.0 450.0                            LAT/LON1/LON2/DLON/H
   64   73   91  118  149  180  210  236  260  279  294  306  318  331  343  351
  353  350  344  341  342  345  348  347  342  335  329  325  324  323  321  315
  303  286  265  245  225  206  189  175  163  154  146  138  131  124  118  112
  105   97   90   84   82   82   82   84   88   93   98   98   95   88   83   79
   77   76   75   74   73   70   67   63   64
    30.0-180.0 180.0   5.0 450.0                            LAT/LON1/LON2/DLON/H
   71   82  103  131  161  189  215  240  265  288  308  323  333  341  347  352
  351  345  338  334  335  339  342  342  339  333  328  326  328  332  335  332
  321  304  284  265  248  233  220  207  194  183  172  161  151  143  136  128
  116  102   89   80   78   81   86   93  101  109  116  117  112  103   93   86
   81   78   77   77   78   76   73   69   71
    27.5-180.0 180.0   5.0 450.0                            LAT/LON1/LON2/DLON/H
   80   93  117  146  176  201  224  246  272  300  324  340  348  352  353  353
  350  343  334  328  327  331  335  336  334  330  327  328  334  343  350  350
  340  324  305  288  275  265  255  243  231  217  203  190  178  170  163  153
  139  119  100   88   85   90   99  108  118  128  136  138  132  120  107   95
   87   82   80   81   83   82   80   77   80
    25.0-180.0 180.0   5.0 450.0                            LAT/LON1/LON2/DLON/H
   90  106  131  162  192  216  236  257  284  314  342  359  365  364  361  359
  355  346  335  327  324  326  331  333  332  330  330  335  345  359  370  373
  365  349  332  317  307  299  291  281  267  252  236  221  210  203  198  189
  173  151  127  111  106  110  119  129  138  148  156  157  150  136  120  106
   94   87   84   85   87   88   86   85   90
    22.5-180.0 180.0   5.0 450.0                            LAT/LON1/LON2/DLON/H
   98  116  144  177  209  234  254  274  300  332  360  377  381  377  372  369
  365  357  344  333  327  329  334  338  339  338  341  350  365  384  398  403
  396  382  366  352  342  334  326  314  300  283  267  253  244  239  237  232
  217  194  167  147  139  141  147  152  158  165  170  171  163  148  130  114
  101   92   87   88   90   92   91   92   98
    20.0-180.0 180.0   5.0 450.0                            LAT/LON1/LON2/DLON/H
  103  122  151  187  223  252  274  295  321  351  379  395  396  390  385  384
  383  375  361  347  340  341  347  353  356  358  364  376  396  418  435  441
  436  423  407  392  379  367  355  340  324  307  292  280  274  274  276  275
  265  242  215  192  181  178  178  177  175  176  178  176  167  153  136  120
  106   96   90   90   92   94   94   95  103
    17.5-180.0 180.0   5.0 450.0                            LAT/LON1/LON2/DLON/H
  105  123  153  192  233  268  296  319  344  372  397  411  412  406  402  404
  405  399  384  369  361  362  371  379  386  391  399  415  437  461  479  487
  483  471  454  436  416  397  377  357  338  321  308  300  298  302  309  313
  307  289  264  240  225  216  209  199  189  182  179  174  165  151  136  121
  109   99   93   91   92   93   94   96  105
    15.0-180.0 180.0   5.0 450.0                            LAT/LON1/LON2/DLON/H
  103  121  150  191  237  281  316  343  368  393  416  428  428  424  423  428
  432  427  412  396  388  392  403  416  426  434  445  463  486  510  528  535
  532  520  503  480  452  423  393  366  343  326  316  313  315  322  332  340
  340  327  304  281  264  250  235  217  198  183  174  167  158  145  132  120
  110  101   95   92   92   92   92   95  103
    12.5-180.0 180.0   5.0 450.0                            LAT/LON1/LON2/DLON/H
  102  118  145  186  237  289  332  365  391  415  436  447  449  447  449  457
  463  458  443  427  420  426  442  459  473  484  497  515  538  559  574  580
  577  567  549  522  486  446  405  370  342  325  318  318  324  333  344  354
  357  349  331  310  292  275  255  229  203  182  168  159  149  138  127  118
  109  102   96   93   91   90   90   93  102
    10.0-180.0 180.0   5.0 450.0                            LAT/LON1/LON2/DLON/H
  101  116  141  181  234  293  344  383  412  436  457  470  475  476  481  491
  497  492  477  460  455  464  484  506  523  537  550  566  584  601  612  615
  614  606  589  559  517  467  417  374  342  323  317  320  328  337  347  356
  361  356  342  324  306  288  265  236  205  180  163  152  143  133  124  115
  108  102   97   93   90   88   88   92  101
     7.5-180.0 180.0   5.0 450.0                            LAT/LON1/LON2/DLON/H
  105  119  141  178  231  294  352  396  429  455  479  496  505  510  518  529
  535  529  513  496  491  503  526  551  571  585  597  609  621  631  636  638
  637  633  619  589  544  489  433  383  346  323  317  322  331  339  345  351
  353  349  337  321  305  287  265  236  204  178  161  150  141  132  123  115
  108  102   98   93   89   86   87   94  105
     5.0-180.0 180.0   5.0 450.0                            LAT/LON1/LON2/DLON/H
  112  128  147  180  231  294  355  404  440  471  499  522  538  548  559  570
  575  568  551  534  529  541  565  592  613  626  634  640  645  647  646  646
  647  647  638  612  567  512  453  399  357  331  322  327  336  341  342  342
  341  334  322  306  291  276  256  230  201  177  161  151  144  135  125  116
  108  102   98   93   88   85   88   98  112
     2.5-180.0 180.0   5.0 450.0                            LAT/LON1/LON2/DLON/H
  123  141  160  188  234  294  356  407  447  482  516  546  569  585  598  610
  615  607  590  574  568  578  601  626  647  658  661  660  656  650  645  642
  646  651  647  626  587  535  478  423  376  345  333  336  344  347  343  336
  328  317  302  285  270  257  241  220  196  176  163  156  150  141  131  120
  111  104   98   94   88   85   90  104  123
